   3.340295053303343648840577638547e-05,
   9.265910901626705528763480588421e-06,
   1.023297517227206841222871542730e-05,
   1.102962992552812554461466650209e-05,
   1.161381498565998723216414554161e-05,
   1.194753630459393726484333819664e-05,
   1.199856560609205183818622186717e-05,
   1.174204988473171439561139635981e-05,
   1.116194754717447403360199681513e-05,
   1.025221860961642630619022019062e-05,
   9.017679073170997708248760282824e-06,
   7.474464306663200791747526483219e-06,
   5.650051454445308119030958430320e-06,
   3.582828354746084986177739503610e-06,
   1.321215571656510162046436217149e-06,
  -1.077672613761685219600068649815e-06,
  -3.549791683684141396295523410174e-06,
  -6.026339476014976334009180408102e-06,
  -8.436302118769347577453660055321e-06,
  -1.070927243708023203224661946091e-05,
  -1.277845815891535628934106945328e-05,
  -1.458374755681210447953330181615e-05,
  -1.607469058198045635415468956121e-05,
  -1.721329582841805124273398535387e-05,
  -1.797651058989668853787212003973e-05,
  -1.835827665284830255894484182349e-05,
  -1.837105621647055086445295046853e-05,
  -1.804669606667118100516695098197e-05,
  -1.743654075654388053488568350842e-05,
  -1.661070282450566017374846012060e-05,
  -1.565646407565669050729591178566e-05,
  -1.467581704306578673515917629277e-05,
  -1.378217304139229818360868685175e-05,
  -1.309630747645220722020980957912e-05,
  -1.274160193754229123358127936483e-05,
  -1.283870703581704063041555167785e-05,
  -1.349975607265702143906989150278e-05,
  -1.482233662758622602828995737755e-05,
  -1.688346828340575058294162010436e-05,
  -1.973379742509615054453088158403e-05,
  -2.339227121649228698432183120979e-05,
  -2.784147117388523184133362514849e-05,
  -3.302382428166448724354590091225e-05,
  -3.883892169893793828693469565461e-05,
  -4.514215316727056581652898186851e-05,
  -5.174488673317643273852786629579e-05,
  -5.841630579127512553036553190702e-05,
  -6.488697205759840797233861352787e-05,
  -7.085407183345778877473848433909e-05,
  -7.598831736122868427294051212528e-05,
  -7.994241523717642284448209482098e-05,
  -8.236100530666863027465151507293e-05,
  -8.289189431225722989131211065525e-05,
  -8.119827219577324739454873996406e-05,
  -7.697153867733309706646794076798e-05,
  -6.994434645551538617828438623692e-05,
  -5.990346734605046044356063370559e-05,
  -4.670212099245075064227908420830e-05,
  -3.027135834913583562122245565571e-05,
  -1.063001343352758848575420657498e-05,
   1.210727327057478940547341629186e-05,
   3.772436448536527152957179687522e-05,
   6.590057961812881607804493638327e-05,
   9.621048021206083878433253127999e-05,
   1.281266931565085383947645745963e-04,
   1.610259915356874895929215952585e-04,
   1.941987585495685769018344747627e-04,
   2.268617812105189454988434449249e-04,
   2.581740726667194135675267066240e-04,
   2.872553875633327410075324598055e-04,
   3.132070889565533099318394059203e-04,
   3.351350991400681395096148950221e-04,
   3.521744125661564344733636070656e-04,
   3.635144202427973961670971622413e-04,
   3.684242021825567675387316774306e-04,
   3.662770588662844984529279161213e-04,
   3.565737949473314331536106033945e-04,
   3.389641185863616210137854486539e-04,
   3.132652841516176501494634118851e-04,
   2.794770327698493323148528104036e-04,
   2.377922417490696215614846167181e-04,
   1.886031150606955417065426625274e-04,
   1.325026383401247985279551556102e-04,
   7.028072865826429453983092119924e-05,
   2.914595455381661179416334704196e-06,
  -6.844645177460599612374383485529e-05,
  -1.425010815574958706772221197199e-04,
  -2.178206640597200488370271579492e-04,
  -2.928787698156017008511558939081e-04,
  -3.660849641178960907144605135821e-04,
  -4.358213790967222159447271761026e-04,
  -5.004808360460924407213220601719e-04,
  -5.585064359517197335355336268014e-04,
  -6.084321039563022617788888991418e-04,
  -6.489219842788216008496165326802e-04,
  -6.788068756063110705762957597289e-04,
  -6.971179258354561560297624634580e-04,
  -7.031173965076336120561902216525e-04,
  -6.963237234242634239904619147202e-04,
  -6.765293955440146590767073087221e-04,
  -6.438135907071971020903604864243e-04,
  -5.985488903778983386024737842722e-04,
  -5.413983231300069093911015696754e-04,
  -4.733047334661148225548777415629e-04,
  -3.954757844510662628395428387250e-04,
  -3.093594016921066226730857167153e-04,
  -2.166106140562276977707784099956e-04,
  -1.190577962321221278503563054270e-04,
  -1.865977457679905101245812232974e-05,
   8.254309366194925956235329576947e-05,
   1.824718469537205405683564848483e-04,
   2.790665937728908591349263066186e-04,
   3.703309276623951093583927583405e-04,
   4.543861938114287347218953061478e-04,
   5.295158106672784980132009827018e-04,
   5.942101070418683631892784878688e-04,
   6.472038903969098286474109337895e-04,
   6.875088035710199098542981532584e-04,
   7.144381594663864409471889518281e-04,
   7.276240199084635062354234488150e-04,
   7.270258283093007466690398099812e-04,
   7.129303188388933636076475028245e-04,
   6.859426176819678031000329892879e-04,
   6.469687356441988897900342424686e-04,
   5.971898758135516808627552313386e-04,
   5.380292869642599249486329194333e-04,
   4.711125783599181198602102608802e-04,
   3.982225761495692035673389435821e-04,
   3.212499942466119121456542671476e-04,
   2.421413010624489743631716488726e-04,
   1.628452957316645739697481286875e-04,
   8.525996253766157291574693735800e-05,
   1.118112792075044809079800986471e-05,
  -5.774559056174173858232068170702e-05,
  -1.200681670286620864689218202137e-04,
  -1.745656162611467985872641258088e-04,
  -2.202783756724791241097706750171e-04,
  -2.565307369487041542674264247778e-04,
  -2.829446894634287493429715025029e-04,
  -2.994448209565641630964524322681e-04,
  -3.062541573593884786572365383408e-04,
  -3.038810791381982105491512188974e-04,
  -2.930977313702204261481398204223e-04,
  -2.749106117981258158376283291758e-04,
  -2.505243286606466197207489482023e-04,
  -2.212996626667505814898804326484e-04,
  -1.887072405988270654956233762334e-04,
  -1.542782577164364984024217501159e-04,
  -1.195537760691254506109828150003e-04,
  -8.603426365270799795093343786631e-05,
  -5.513095146004632546552095616972e-05,
  -2.812051498881681529717653319789e-05,
  -6.104470610138029665882052075593e-06,
   1.002544314914086917782989414862e-05,
   1.961476355993022214467512567360e-05,
   2.226582301174577537262185973182e-05,
   1.784871281095518572544860457527e-05,
   6.503448314968199326237422922123e-06,
  -1.136675787418443566693738780495e-05,
  -3.511091224259402234931791531394e-05,
  -6.385382668865404429957117961487e-05,
  -9.652703178414780771728427569600e-05,
  -1.319059418124382662630354452835e-04,
  -1.686520718318490162823662274283e-04,
  -2.053589983700814150891337010133e-04,
  -2.406005242416172426006409099195e-04,
  -2.729793850358161223584859891985e-04,
  -3.011748636626044213758399093958e-04,
  -3.239878241705635431376264358246e-04,
  -3.403817191645653717656383468885e-04,
  -3.495181801569290247752928277357e-04,
  -3.507859104758528112151040498053e-04,
  -3.438219930528928631079785727294e-04,
  -3.285250042147896513583525711973e-04,
  -3.050594840630400817686910733403e-04,
  -2.738514925093408031373423114135e-04,
  -2.355753965595538179299331383015e-04,
  -1.911324864536952356705568328160e-04,
  -1.416221410949460204809239124600e-04,
  -8.830640153802906951514863957372e-05,
  -3.256902095379048660568279260766e-05,
   2.412945209128199346284549473821e-05,
   8.029896734226258253209411358043e-05,
   1.344682193754626668528868237520e-04,
   1.852323345378444941807519934576e-04,
   2.312982700478164446527916788335e-04,
   2.715262286433653553145330789270e-04,
   3.049659092134836074889041432259e-04,
   3.308865142310857166966870990038e-04,
   3.487992775203710051158597369239e-04,
   3.584716280455391211681872394232e-04,
   3.599327808783670540326431490016e-04,
   3.534707239045653354746842503362e-04,
   3.396203399511962285771690748647e-04,
   3.191430158508436991751897488520e-04,
   2.929988516161849714893771401067e-04,
   2.623123721006747906312545277115e-04,
   2.283324998619224729282322863431e-04,
   1.923883395739866144496241147669e-04,
   1.558427251463158672396246151332e-04,
   1.200447011360025739585343320694e-04,
   8.628226447660332045647648991369e-05,
   5.573768818633654977799906731189e-05,
   2.944690498042830909398268434524e-05,
   8.263587341398294648585020501355e-06,
  -7.170238248292297090484629945261e-06,
  -1.644558347944662602368177059406e-05,
  -1.940017671208624621681312232870e-05,
  -1.612359229367193922197268967207e-05,
  -6.952748356025620286629225392800e-06,
   7.540776479200751357222108135119e-06,
   2.657143471754028072817525329172e-05,
   4.916900434603479212620923825860e-05,
   7.421364583262081626694071779366e-05,
   1.004762172874889197109556244201e-04,
   1.266637250564663961828530298350e-04,
   1.514656510567678117747646227898e-04,
   1.736019912372212598021433267682e-04,
   1.918707767275336692744776428423e-04,
   2.051913036423390579876636577320e-04,
   2.126459469600297492888135925723e-04,
   2.135134137261458922557767290003e-04,
   2.072980128449799326180655526636e-04,
   1.937489352747163148840820647424e-04,
   1.728726032691522566508878286503e-04,
   1.449350138237448635543480642668e-04,
   1.104555788358815050722390023962e-04,
   7.019174200448864966841469481443e-05,
   2.511534239803080425353649885264e-05,
  -2.361870984271480379537461444836e-05,
  -7.471031356320936894855498026490e-05,
  -1.267573605840347502052163202466e-04,
  -1.783026852259780067809620147652e-04,
  -2.278831776485758040911151723826e-04,
  -2.740793495600700829104292649769e-04,
  -3.155636508946534134393826977628e-04,
  -3.511458509428294475374347538869e-04,
  -3.798138463526498758401424060737e-04,
  -4.007684654767895681444952576391e-04,
  -4.134510487684074431055482388812e-04,
  -4.175628149690118576378990942208e-04,
  -4.130753080652378735045970913672e-04,
  -4.002315008257101291109736693067e-04,
  -3.795374902840588217833865572037e-04,
  -3.517450712056614704114439786927e-04,
  -3.178257615716696161924248199013e-04,
  -2.789371420612108362854136470567e-04,
  -2.363826455527928964523375586493e-04,
  -1.915662199685261198107995888793e-04,
  -1.459434513543338864370095973237e-04,
  -1.009708477621975274651137183463e-04,
  -5.805503258725531931529961762674e-05,
  -1.850362039500827260066955278769e-05,
   1.652041911077905397944167165656e-05,
   4.603930388345369229480077253474e-05,
   6.929446222483491219657823312165e-05,
   8.577282196660477213817032804324e-05,
   9.522441044255344239431055610671e-05,
   9.767054804540474032654684581676e-05,
   9.340233587441834901358591504851e-05,
   8.296949096740959082528248908048e-05,
   6.715989059606511134458898512655e-05,
   4.697045854271443003925187540000e-05,
   2.357038792921760454481663360526e-05,
  -1.741959926921547435633003585873e-06,
  -2.758699333032209827653564819788e-05,
  -5.255499456203600184474862687010e-05,
  -7.525862824723832266740677899002e-05,
  -9.438492656562628915469137416260e-05,
  -1.087448628121579633995946789825e-04,
  -1.173187841959396154447733490395e-04,
  -1.192961054858010436086163110153e-04,
  -1.141077394990180869684372191798e-04,
  -1.014500326425930146793965030852e-04,
  -8.129934100741511063753406298826e-05,
  -5.391672871550032019519243751406e-05,
  -1.984248796608171580897468301477e-05,
   2.011943456859146302305230269284e-05,
   6.492659357584272828736440065544e-05,
   1.133318556269159594978500125550e-04,
   1.639248111405072876575268514586e-04,
   2.151794127563630447467488338758e-04,
   2.655061486298761014948626471522e-04,
   3.133068441395513415440679278346e-04,
   3.570302692002310972103889798136e-04,
   3.952266349211935171321605377416e-04,
   4.265989236723519259544570679651e-04,
   4.500492062598519431202069666096e-04,
   4.647183604173381522608412446448e-04,
   4.700178112205218980705113024669e-04,
   4.656519231715804245295118896780e-04,
   4.516302357659829323430127019428e-04,
   4.282691994163087469858061179717e-04,
   3.961832116375203085366386981719e-04,
   3.562650931155100962715025648270e-04,
   3.096567112239263819529769354013e-04,
   2.577108672873306731207922843589e-04,
   2.019455540767516419683850776440e-04,
   1.439921363230756386182937765815e-04,
   8.553947602175650305963816087229e-05,
   2.827586850785016075574418967681e-05,
  -2.616933989108081945277701625924e-05,
  -7.628222956926640110669580823431e-05,
  -1.207167196686829226738523410925e-04,
  -1.583413062867808020924219157425e-04,
  -1.882784171471840244366897313549e-04,
  -2.099346393325597724973314279584e-04,
  -2.230209785709717198378074253830e-04,
  -2.275624757698698485679961493137e-04,
  -2.238963897146844279367410528300e-04,
  -2.126591759969984950112719714055e-04,
  -1.947629097178456623373241521986e-04,
  -1.713614860048197330397438709363e-04,
  -1.438078936867223322087857195935e-04,
  -1.136044059536800654248449252029e-04,
  -8.234691673626041243709600231620e-05,
  -5.166553430417515023216755560805e-05,
  -2.316396743288946402078820224925e-05,
   1.640811401807948028350693339123e-06,
   2.137611202960332691580817858392e-05,
   3.486582466162377326046333877324e-05,
   4.117642577613651305751713986624e-05,
   3.965422953955159265607192650759e-05,
   2.995259472238026838392377224811e-05,
   1.204875355944065773941658866830e-05,
  -1.375167840582126984137587591374e-05,
  -4.682160438644377563876067079225e-05,
  -8.623105079101595083914037987100e-05,
  -1.307774330551472737427925262352e-04,
  -1.790250349174025831149632424690e-04,
  -2.293544729939553503047115347682e-04,
  -2.800180732532507073318954254545e-04,
  -3.292014878500246567160909642868e-04,
  -3.750874756626876780160978567267e-04,
  -4.159210962940076469869208101397e-04,
  -4.500729273474054654157994024991e-04,
  -4.760987086411775082629755002656e-04,
  -4.927928488484143442015392654835e-04,
  -4.992340763614013556515760345299e-04,
  -4.948214344059667119741897727513e-04,
  -4.792993133866501304526497301674e-04,
  -4.527704832401318723715679488359e-04,
  -4.156966264406091701633736427068e-04,
  -3.688862430017729637316633331231e-04,
  -3.134702558244208756564759386530e-04,
  -2.508660906691689965753340734334e-04,
  -1.827314157872086581830351680001e-04,
  -1.109091348364450305218436207389e-04,
  -3.736552407496758191028338416564e-05,
   3.587636557626157064183380509907e-05,
   1.068056960635803281611631724082e-04,
   1.734927625800818265805519808893e-04,
   2.341553951407263422137705491475e-04,
   2.872204893033519898417991474777e-04,
   3.313784585786790695917643852393e-04,
   3.656286010032695022360067169673e-04,
   3.893136926784130717347621970575e-04,
   4.021425220466796579519401386377e-04,
   4.041995406847841755593241184347e-04,
   3.959411710794128318598377542972e-04,
   3.781787916314261231475921213067e-04,
   3.520489772619823253665777512775e-04,
   3.189719794861910918208349293617e-04,
   2.805998677574676286614783159417e-04,
   2.387561031986471309592842156419e-04,
   1.953686694105406739276164414525e-04,
   1.523991617448945285987166485737e-04,
   1.117703291926624491454229318871e-04,
   7.529464612728055524719997847823e-05,
   4.460650113738057900755420432770e-05,
   2.110052229346294278036227750397e-05,
   5.878258488905709941872215294197e-06,
  -2.948381858128411436007946477739e-07,
   2.979545730210353738082832483651e-06,
   1.571473217088560183284495555263e-05,
   3.753512459576427306927416759736e-05,
   6.768640169050308340063285041381e-05,
   1.050596144258521775805413694873e-04,
   1.482284617608206976874739134063e-04,
   1.954984768649240317202600008433e-04,
   2.449663992281277398738989275681e-04,
   2.945877451788372172587191665698e-04,
   3.422502264027728572840264829663e-04,
   3.858503790804800556730432329038e-04,
   4.233706494036722442323842404820e-04,
   4.529542602761268276716635566240e-04,
   4.729751120550168298234218543057e-04,
   4.821001322834397648222377327299e-04,
   4.793417699830148767210189912668e-04,
   4.640987740631474955068517856873e-04,
   4.361835984343854321022683029167e-04,
   3.958353236238710793102087154164e-04,
   3.437175475060059182575475622253e-04,
   2.809012572283451509937641295701e-04,
   2.088330577876474674320865640084e-04,
   1.292897716772199363806294735791e-04,
   4.432102996650107957166704050278e-05,
  -4.381828803750822007588276870392e-05,
  -1.327434504637620175053998043311e-04,
  -2.200204495685817238379130007906e-04,
  -3.032488670167758744301383212012e-04,
  -3.801442264577285986403178938463e-04,
  -4.486168640982440308258678639914e-04,
  -5.068443538286415555674528816976e-04,
  -5.533350048843564621890916217697e-04,
  -5.869801302940750851714822816738e-04,
  -6.070930350209054683604480682785e-04,
  -6.134332586582886512059313154511e-04,
  -6.062152401309338660621473687286e-04,
  -5.861008858314093261522791610246e-04,
  -5.541761403234626025098866696720e-04,
  -5.119125114090765921567875360292e-04,
  -4.611146820348195259580588987493e-04,
  -4.038559022924126574169861089280e-04,
  -3.424036476405208376630116378888e-04,
  -2.791380253962094695552334603370e-04,
  -2.164656826849938961781022475303e-04,
  -1.567325082577189652030496318995e-04,
  -1.021381742399666009655251832527e-04,
  -5.465544836794010989388667880521e-05,
  -1.595746593828200928178854139407e-05,
   1.264447162892373197558364804005e-05,
   3.025043548468388618106461489726e-05,
   3.640654095051534856306857565434e-05,
   3.112358891995603690902157611141e-05,
   1.487903752050605833603189353577e-05,
  -1.139828368859296225223000221705e-05,
  -4.635993938707347796589220285642e-05,
  -8.828516486347663410864969625309e-05,
  -1.351423899228259263887168785596e-04,
  -1.846623573444702423268133515072e-04,
  -2.344207146425899226767965719334e-04,
  -2.819271473804474130751352226043e-04,
  -3.247174865581346399485822442179e-04,
  -3.604461562612736427255674551357e-04,
  -3.869749552735747339814597765741e-04,
  -4.024553534211433514587550355724e-04,
  -4.054013410788461685786295652734e-04,
  -3.947495652412487171838204584205e-04,
  -3.699054118485942893441920564703e-04,
  -3.307720903926822940805345098182e-04,
  -2.777627717704265478133880522011e-04,
  -2.117940181523378066651447330514e-04,
  -1.342615547985442248573588773291e-04,
  -4.699833255630806975456776815347e-05,
   4.778321549034246639939075113567e-05,
   1.475631556797627797405065059222e-04,
   2.495976249265252907223979947880e-04,
   3.510112274964145371530665774287e-04,
   4.488949279047043078200178765165e-04,
   5.404060700704330783048664446806e-04,
   6.228669398338124668029630874762e-04,
   6.938583608720444392512683069469e-04,
   7.513049255636287449529125102854e-04,
   7.935487611878384130879502105643e-04,
   8.194091459703975704480524786932e-04,
   8.282257330395589358353163327454e-04,
   8.198836910531378729805724280000e-04,
   7.948197587459479062526466932714e-04,
   7.540088858736447545507823066440e-04,
   6.989317849164126534424779123907e-04,
   6.315244049164154765788939101343e-04,
   5.541110294635547887833023001421e-04,
   4.693232904570731673950477458573e-04,
   3.800078993272729667316755375458e-04,
   2.891263138472873742985242134090e-04,
   1.996498636274557959924390185356e-04,
   1.144541153190408278770762527242e-04,
   3.621624015204469450444262155347e-05,
  -3.268094923771925440646592974400e-05,
  -9.023476181371266135613025725177e-05,
  -1.348950456818670768951474664226e-04,
  -1.656205762907717070107853539148e-04,
  -1.819172963585968392410823250230e-04,
  -1.838568839097422527779646252806e-04,
  -1.720748365586667387490435755511e-04,
  -1.477480321194618029031883952402e-04,
  -1.125524306266791534384046969460e-04,
  -6.860229180941253669612338317047e-05,
  -1.837293321729223900190685243194e-05,
   3.539024323691395226181760520756e-05,
   8.977326277363703737289342740992e-05,
   1.418021027586626777220338242519e-04,
   1.885543335478066504990729822808e-04,
   2.272698387185232203836556070186e-04,
   2.554566153533866592654142898319e-04,
   2.709878280496613002475857814302e-04,
   2.721864899238353009416057639528e-04,
   2.578946044210302358109587679861e-04,
   2.275241668011361831005011726898e-04,
   1.810880331230501682820085521141e-04,
   1.192093040578690681744918022347e-04,
   4.310873338527823142867119454724e-05,
  -4.542956618443261957068234146529e-05,
  -1.441130956442671194598846540983e-04,
  -2.502148955391836469658189311604e-04,
  -3.606638440420752131442916430665e-04,
  -4.721482775446228703514900404414e-04,
  -5.812293484558543139358411462516e-04,
  -6.844601750929080248615330621994e-04,
  -7.785064651817721413607306267177e-04,
  -8.602644176658641992631152447916e-04,
  -9.269716296953421811965725301066e-04,
  -9.763069641076691005460370161723e-04,
  -1.006475724832484997338293637899e-03,
  -1.016277016919442301862153144043e-03,
  -1.005150720939431660355397951060e-03,
  -9.732021658340556733656387627777e-04,
  -9.212035977361392799859431015745e-04,
  -8.505721225890752999138289458178e-04,
  -7.633246942568984689175857290180e-04,
  -6.620116620411359956253797914242e-04,
  -5.496310961103405121574713503799e-04,
  -4.295267484364780478282267746739e-04,
  -3.052731982778857315500416690860e-04,
  -1.805522846303553106812504348692e-04,
  -5.902503977535493097767513783901e-05,
   5.579625157097068743573265536633e-05,
   1.606712006031385756533689265855e-04,
   2.527454079434139901953435566970e-04,
   3.296512522235171441242931975480e-04,
   3.895916092596155133521153800507e-04,
   4.314035267492189217317012666806e-04,
   4.545993620623491008439321590376e-04,
   4.593836989367460907483830726385e-04,
   4.466454060633174279331016184522e-04,
   4.179248842606690094966785409833e-04,
   3.753574406539380881822721638822e-04,
   3.215948505135502231234095145071e-04,
   2.597076677555031131373076958273e-04,
   1.930716049228744593261572186512e-04,
   1.252421922085728547455669819257e-04,
   5.982196916430406781414392276949e-05,
   3.249769593135006386648034408378e-07,
  -4.995638871527348501490688566706e-05,
  -8.807760755454847732609590071602e-05,
  -1.115565167348612900475711434299e-04,
  -1.184717912630936207922964506565e-04,
  -1.075419794389613554371135767905e-04,
  -7.818171853791709280214278912700e-05,
  -3.053316126691244047402301984445e-05,
   3.452878465432992631974048593842e-05,
   1.154180233151456814138848581497e-04,
   2.098847099407928955495699680943e-04,
   3.150875409067004391444105957472e-04,
   4.276881866876419828110178521837e-04,
   5.439647480077945118440027822207e-04,
   6.599404976097854128656958368204e-04,
   7.715230105226315963722920538738e-04,
   8.746493978273932164965164827962e-04,
   9.654317287425511216811964117310e-04,
   1.040298183610913252561520848851e-03,
   1.096124154014794935888767906437e-03,
   1.130349075520281107688941345853e-03,
   1.141074232237732741993194965531e-03,
   1.127138170333395992982887556019e-03,
   1.088166638150420017196119866487e-03,
   1.024595178253659432579316941429e-03,
   9.376632137680272336258348504518e-04,
   8.293796927938672082344232004518e-04,
   7.024612398075267651356386796463e-04,
   5.602448130414427286798828694789e-04,
   4.065777684251880944061034224178e-04,
   2.456890845374030877311091931609e-04,
   8.204621158512760609810809513944e-05,
  -7.979745058541430094730233178713e-05,
  -2.353590962798894759959627542563e-04,
  -3.803815046834450328030596545333e-04,
  -5.109808981069062503080940493803e-04,
  -6.237823557392078579138497049748e-04,
  -7.160378728440225580751804783809e-04,
  -7.857226822638054747181094740992e-04,
  -8.316062468575835294501415282265e-04,
  -8.532952258940756167537888300656e-04,
  -8.512466700536332647897189813361e-04,
  -8.267507833036824954388479939644e-04,
  -7.818836425643362853634473364633e-04,
  -7.194313932928144673355868828676e-04,
  -6.427884687698485807534410686487e-04,
  -5.558332865967388953588267889051e-04,
  -4.627857660105228495208330599751e-04,
  -3.680516918060141184428270554095e-04,
  -2.760594401019987511675929229595e-04,
  -1.910948821798735365045672742932e-04,
  -1.171404631622879875856665135266e-04,
  -5.772431012314076769050345614559e-05,
  -1.578485032585222678361949397841e-05,
   6.443999389144210958524653148343e-06,
   7.522741205487855181909102736257e-06,
  -1.313214324077589034501266368680e-05,
  -5.521742628305295800639033998447e-05,
  -1.175445539905649793104249186478e-04,
  -1.980735008884608866888318699393e-04,
  -2.939780806912924415943881106903e-04,
  -4.017406495103597290559020564511e-04,
  -5.172730561208733568214793391380e-04,
  -6.360597011471558588625582547019e-04,
  -7.533177199121662480358085662181e-04,
  -8.641687108674899414590256428812e-04,
  -9.638159103943435316783841114354e-04,
  -1.047720458779086550833135893252e-03,
  -1.111770404697158459402738753686e-03,
  -1.152436354093894804175635712250e-03,
  -1.166907967166958189931843094343e-03,
  -1.153206246378756091199188854677e-03,
  -1.110267352624830678456201811174e-03,
  -1.037994717782896205944732524393e-03,
  -9.372771926733965659180191254581e-04,
  -8.099723683917030992623715057125e-04,
  -6.588552844993529233817777530490e-04,
  -4.875340794018051935278695489069e-04,
  -3.003352495791873957156097914170e-04,
  -1.021624500306630180852251648445e-04,
   1.016664424170754112563791433455e-04,
   3.055983618398481727180439749929e-04,
   5.040338343756132496081030639531e-04,
   6.915189538532662534685172082277e-04,
   8.629336743074218785083795272596e-04,
   1.013669665034427844313583762671e-03,
   1.139791274535893173186256106030e-03,
   1.238173792911526555314617498334e-03,
   1.306613824143304516234440819464e-03,
   1.343907618399281939086377336487e-03,
   1.349894417131835054526026076559e-03,
   1.325462860053771282002426073338e-03,
   1.272520054731411742764155892779e-03,
   1.193924179070931528065813165013e-03,
   1.093382648899171937064113077371e-03,
   9.753193577679868210707018192415e-04,
   8.447155497308772636341859261014e-04,
   7.069297849082041302243508307680e-04,
   5.675033731104039412877998536239e-04,
   4.319582059599498631299193226107e-04,
   3.055941388656306955968593321677e-04,
   1.932932927086920508976384909723e-04,
   9.933842488478328541716271557569e-05,
   2.725191025832804822804190611631e-05,
  -2.033856434332251102079839575498e-05,
  -4.180252859757901512684848126147e-05,
  -3.657363971209909449353195520424e-05,
  -5.178092994164330628333569942059e-06,
   5.077672344428136001879666134673e-05,
   1.286532297319200784366620410456e-04,
   2.248729611862691497006975943651e-04,
   3.350410863318689083595316519559e-04,
   4.541020899439425618631815153832e-04,
   5.765212981554294224120588380298e-04,
   6.964857309459482945579012847046e-04,
   8.081174479831583943038032205770e-04,
   9.056916168480789976993311604821e-04,
   9.838515216672369746619256406471e-04,
   1.037812813021442393941572287716e-03,
   1.063549297647277291887932476958e-03,
   1.057953682908983817479616471903e-03,
   1.018966969369913867090067104322e-03,
   9.456716610747464787652202409998e-04,
   8.383450796556485116844587598788e-04,
   6.984703079981092239889977615550e-04,
   5.287042690270192057766706825433e-04,
   3.328031915802152365309611505712e-04,
   1.155082307791558658641212404845e-04,
  -1.176055475727389394059252411356e-04,
  -3.603113336068123335696276318208e-04,
  -6.059380282441895018814105111984e-04,
  -8.475955534741551461658008931929e-04,
  -1.078410309414466852472735828097e-03,
  -1.291762316575485614154685551185e-03,
  -1.481515716154272489377505966652e-03,
  -1.642234239660859592241880493962e-03,
  -1.769373863844093507622262954546e-03,
  -1.859445564521419585301404125283e-03,
  -1.910142103429618427435980295478e-03,
  -1.920423988823878306815479729674e-03,
  -1.890561224296868966107272569920e-03,
  -1.822128980134255096804973296769e-03,
  -1.717956957859182489801946967355e-03,
  -1.582033887824802963491871898773e-03,
  -1.419370215274202706367618264868e-03,
  -1.235823572577813653183347551972e-03,
  -1.037893002239033726856409724140e-03,
  -8.324890290647614493358586341010e-04,
  -6.266876755977868878758726327392e-04,
  -4.274771476969605961515716492649e-04,
  -2.415061911644640762049548638499e-04,
  -7.484321318659342953015853458151e-05,
   6.724506268162676535319051437218e-05,
   1.804872916710339977570447608660e-04,
   2.617663468258187770085141770618e-04,
   3.092372608526387891114633836836e-04,
   3.223996734005703360466212124662e-04,
   3.021218084361421157042527929366e-04,
   2.506146563134537982803971790588e-04,
   1.713568640178588232868777909606e-04,
   6.897261926015804581869531633383e-05,
  -5.093348743763173221739341931143e-05,
  -1.819790510517179764511833215280e-04,
  -3.172369298801278274704926359029e-04,
  -4.494906358028742442056530163571e-04,
  -5.715030391242843687375740338499e-04,
  -6.762888088992156056609560566689e-04,
  -7.573807471330954503861403333785e-04,
  -8.090803281386086611730846748260e-04,
  -8.266832353987635080886849385431e-04,
  -8.066714870677116001511823886998e-04,
  -7.468648284438400322497313447642e-04,
  -6.465255201117113626003694870116e-04,
  -5.064122314040853104213452335128e-04,
  -3.287805250841058883068596297881e-04,
  -1.173293338002159652159334191968e-04,
   1.229052062242221024971872185973e-04,
   3.857053783984264980176106217546e-04,
   6.638719022184047418619013889145e-04,
   9.494616541715294743005171534001e-04,
   1.234054951166239862846889588366e-03,
   1.509043224942162367772089445056e-03,
   1.765926917479986642315110023822e-03,
   1.996613116287494584758050396832e-03,
   2.193702234526210362313439162715e-03,
   2.350753448344028879008176923654e-03,
   2.462519074830882008817845366111e-03,
   2.525139345188412232284992263096e-03,
   2.536290092077634601481592071907e-03,
   2.495277666324349125481215716862e-03,
   2.403077190746285433025708835886e-03,
   2.262312189133890357989711047265e-03,
   2.077175771698095448903250976984e-03,
   1.853295621732599549756098807323e-03,
   1.597547132657347342431601036009e-03,
   1.317820771529670679851748945396e-03,
   1.022751682441605540466633868235e-03,
   7.214208008493524186483554364643e-04,
   4.230378640416034273436638357864e-04,
   1.366176267870229601751732583805e-04,
  -1.293392951512869022479583754688e-04,
  -3.671494264401220202058253244204e-04,
  -5.702222081154363023384779333644e-04,
  -7.332984672630952923644853691000e-04,
  -8.526426508064488791793651939043e-04,
  -9.261814428657542235511194604527e-04,
  -9.535832956894597857246954322654e-04,
  -9.362754939005937137109491781410e-04,
  -8.773974713155751426730198075290e-04,
  -7.816914869067451297238475625868e-04,
  -6.553340035678705659856417673099e-04,
  -5.057131952061203044059058153183e-04,
  -3.411601792325077661458338553488e-04,
  -1.706431356185053715239776655371e-04,
  -3.434946042602702276660414209374e-06,
   1.512337844721149323110058452124e-04,
   2.845240729029725895262777107158e-04,
   3.883276110196805041677688206773e-04,
   4.555831003747617311021953244226e-04,
   4.805583092759068904388699015927e-04,
   4.590871092294493585830674245961e-04,
   3.887524890719434966528245389015e-04,
   2.690083206111993432556875126922e-04,
   1.012346151101128386696934060283e-04,
  -1.112763684131685280103309929934e-04,
  -3.634036511023933387047008349881e-04,
  -6.483484960714339106505791179066e-04,
  -9.578481795765535801936990537367e-04,
  -1.282445797059568326777437654619e-03,
  -1.611806935964050422937261645203e-03,
  -1.935072644864540198500310510654e-03,
  -2.241236335814577389844622361433e-03,
  -2.519531498779676797928353754533e-03,
  -2.759816509347089314904870132293e-03,
  -2.952942574650917609497738748961e-03,
  -3.091091740512996217257082171535e-03,
  -3.168072140897642097067706109734e-03,
  -3.179559789512995646488616196569e-03,
  -3.123277316021871513883976915517e-03,
  -2.999102761026932409201033657639e-03,
  -2.809103484438610171166551712600e-03,
  -2.557493270749303509060680302326e-03,
  -2.250513095382531200855751843566e-03,
  -1.896239016289731055324736656333e-03,
  -1.504323104120578781595974661445e-03,
  -1.085675913433754058916197210612e-03,
  -6.521011227871691592851583223114e-04,
  -2.158948354615867520792185798402e-04,
   2.105766000098629446539311651392e-04,
   6.153053891229864159953691718236e-04,
   9.870625027481928733895835789865e-04,
   1.315794212894741652337348661751e-03,
   1.592980481438325360006654938996e-03,
   1.811941971648721505316832801682e-03,
   1.968084152676484678317676444911e-03,
   2.059069006311939575550935170936e-03,
   2.084907372744867261933298632944e-03,
   2.047967742185634404179743060966e-03,
   1.952900198676493988887120753679e-03,
   1.806477262113798707152538297778e-03,
   1.617356375450167902332881822783e-03,
   1.395771658396909160376892498120e-03,
   1.153165145326346056927203746756e-03,
   9.017700532507404314339927457658e-04,
   6.541604957205122609875524314089e-04,
   4.227834298422540155911824005363e-04,
   2.194894845386513124717413008679e-04,
   5.507955190823881113871156230697e-05,
  -6.111628387940827936448507661546e-05,
  -1.216118908180530728759648212292e-04,
  -1.210762054086573791415745023298e-04,
  -5.657022025028464527369064598916e-05,
   7.229971250181256607732119850887e-05,
   2.633189783676567681754621450376e-04,
   5.116957751147843232559524651211e-04,
   8.101864407238567391269867075040e-04,
   1.149311906058416700060016886215e-03,
   1.517658857320048712963967514275e-03,
   1.902256105926198469332878498127e-03,
   2.289013791789665214908660565048e-03,
   2.663210645729497904706902975357e-03,
   3.010012613737250353518584331490e-03,
   3.315004781636957794092285365002e-03,
   3.564717776305938914560187628228e-03,
   3.747129781398806645288396960369e-03,
   3.852125861940410836926006969000e-03,
   3.871897559372023380283448293349e-03,
   3.801267581021568819060329081500e-03,
   3.637926893284386074142746866390e-03,
   3.382574344253067111818754938816e-03,
   3.038952415090180590852102487237e-03,
   2.613776159420975360312333277135e-03,
   2.116556241848797644578445429145e-03,
   1.559320638418662652129551297788e-03,
   9.562434481012198178185813250262e-04,
   3.231923837134479868287780413450e-04,
  -3.227901001810379452458404112101e-04,
  -9.640547856709720803601358456430e-04,
  -1.582943310511652933475449799190e-03,
  -2.162394732969786666665440943123e-03,
  -2.686539639074065841100610136857e-03,
  -3.141260570197918692824444832946e-03,
  -3.514698407134000009754211564517e-03,
  -3.797685797231795382355098457915e-03,
  -3.984091310265453817249887633056e-03,
  -4.071060618231405066263719908295e-03,
  -4.059144574471512933525594625517e-03,
  -3.952307962416780935773136847894e-03,
  -3.757816667822519898166830592916e-03,
  -3.486005460677903274429377902290e-03,
  -3.149932744436644245463786679490e-03,
  -2.764932776549699905455656587933e-03,
  -2.348079667802257577627553773204e-03,
  -1.917580842037120914379569824003e-03,
  -1.492120425622585490940997274105e-03,
  -1.090175124323481440367728456057e-03,
  -7.293266041944692085931002114782e-04,
  -4.255947892945280104143886932026e-04,
  -1.928162637379545583555880854977e-04,
  -4.209082126423979052072436052192e-05,
   1.868295445299697408107171375769e-05,
  -1.483522051368749964557429947424e-05,
  -1.431922801290160159545796920966e-04,
  -3.630394265601822880312822311617e-04,
  -6.671687309495901740143797937696e-04,
  -1.044690012338668879272648840929e-03,
  -1.481344495376096633760001593846e-03,
  -1.959946888940111294381084109696e-03,
  -2.460942666479233371772873564635e-03,
  -2.963063235112810964107964888450e-03,
  -3.444057728022267859246743361944e-03,
  -3.881477089974316555093903713738e-03,
  -4.253483909283748879691128708808e-03,
  -4.539659814288720875411240829669e-03,
  -4.721781985167054220694317140036e-03,
  -4.784540696102957806378131637784e-03,
  -4.716171355460701774850820235108e-03,
  -4.508976995452646534187228543125e-03,
  -4.159720363510254786608389635655e-03,
  -3.669869140610017982500546860312e-03,
  -3.045682265856864051843994512132e-03,
  -2.298130947681556617676773036918e-03,
  -1.442653391785891613443630035647e-03,
  -4.987479994902981854496415035829e-04,
   5.105842280690028466899331211111e-04,
   1.559532300355839161635662269093e-03,
   2.620281559951268244210888648353e-03,
   3.663908498317480912532468685129e-03,
   4.661334795372291209178937116536e-03,
   5.584309003314782506002849271284e-03,
   6.406382277918806109487593258497e-03,
   7.103844364826798949672680876313e-03,
   7.656586380717624205930686275695e-03,
   8.048858862861620860157071174340e-03,
   8.269896378899058047381878753385e-03,
   8.314383969810933665656822646323e-03,
   8.182745472787230530893381932195e-03,
   7.881239534322057823928356964233e-03,
   7.421855300462466033827090092917e-03,
   6.822006439892420344293022180238e-03,
   6.104029060111176286638107234619e-03,
   5.294495882243970983079103982683e-03,
   4.423365570685729487825354208988e-03,
   3.522992230422271598895588625572e-03,
   2.627025428870294291260655884269e-03,
   1.769235566359516149537738267678e-03,
   9.823028124167849432659985696968e-04,
   2.966100267040835765269500681534e-04,
  -2.609190137518316446979302456084e-04,
  -6.678952445373761562154318492321e-04,
  -9.074147882602498478224851226250e-04,
  -9.688484510651111093678228530345e-04,
  -8.484388264645032674427858171949e-04,
  -5.496792125393254419060543643910e-04,
  -8.345510698242166186573813907380e-05,
   5.320636424764951614334823712816e-04,
   1.271783986484255719143220163866e-03,
   2.104299870686525724683548855057e-03,
   2.992738934583795105950766008394e-03,
   3.895825108216409129646812226598e-03,
   4.769128901379755936404224300404e-03,
   5.566470310264312804238168034057e-03,
   6.241433419634978377354191797499e-03,
   6.748947042458840021691881660287e-03,
   7.046882428778600854116058449517e-03,
   7.097617209244710982033853968742e-03,
   6.869514448625675276283473547415e-03,
   6.338267060559021509601217766322e-03,
   5.488060788661215753281741747821e-03,
   4.312513444261769415590668371938e-03,
   2.815354005549514810869776671939e-03,
   1.010812429290476969576947430599e-03,
  -1.076300737530825628456347903359e-03,
  -3.410836763079694087640991034815e-03,
  -5.947875313233781678824317259990e-03,
  -8.633607448503171110191503016124e-03,
  -1.140651743087313428278334629870e-02,
  -1.419883613226983976664556316716e-02,
  -1.693823008498443272961374046065e-02,
  -1.954968214248332039374982539021e-02,
  -2.195751306688126015729232726886e-02,
  -2.408748794058320863596873474821e-02,
  -2.586894776485246127683832306071e-02,
  -2.723690432320032222341039170738e-02,
  -2.813403662676406741817685796397e-02,
  -2.851252861664857069815221055770e-02,
  -2.833569164872125640945201008325e-02,
  -2.757932030191116262256539447967e-02,
  -2.623273726366111263206962796873e-02,
  -2.429949109600897590165201941209e-02,
  -2.179768036316728540817562985443e-02,
  -1.875988805939119657246409028639e-02,
  -1.523272109850849836120703032633e-02,
  -1.127596126140752467148216462572e-02,
  -6.961344971996905568883837406649e-03,
  -2.371000319395920591231582941726e-03,
   2.404420136641582953801628535356e-03,
   7.267863181956834330253036527761e-03,
   1.211819986501901735477689219661e-02,
   1.685268985020086645064190875032e-02,
   2.136951892118404112101822875380e-02,
   2.557034082215281603623735062064e-02,
   2.936275392290014088534191079999e-02,
   3.266264456773572775943122355191e-02,
   3.539633242284899896553111882380e-02,
   3.750245820091676041244154252152e-02,
   3.893356129525696946098219791699e-02,
   3.965730332661440038526838927635e-02,  // Middle
   3.965730332661440038526838927635e-02,  // Middle
   3.893356129525696946098219791699e-02,
   3.750245820091676041244154252152e-02,
   3.539633242284899896553111882380e-02,
   3.266264456773572775943122355191e-02,
   2.936275392290014088534191079999e-02,
   2.557034082215281603623735062064e-02,
   2.136951892118404112101822875380e-02,
   1.685268985020086645064190875032e-02,
   1.211819986501901735477689219661e-02,
   7.267863181956834330253036527761e-03,
   2.404420136641582953801628535356e-03,
  -2.371000319395920591231582941726e-03,
  -6.961344971996905568883837406649e-03,
  -1.127596126140752467148216462572e-02,
  -1.523272109850849836120703032633e-02,
  -1.875988805939119657246409028639e-02,
  -2.179768036316728540817562985443e-02,
  -2.429949109600897590165201941209e-02,
  -2.623273726366111263206962796873e-02,
  -2.757932030191116262256539447967e-02,
  -2.833569164872125640945201008325e-02,
  -2.851252861664857069815221055770e-02,
  -2.813403662676406741817685796397e-02,
  -2.723690432320032222341039170738e-02,
  -2.586894776485246127683832306071e-02,
  -2.408748794058320863596873474821e-02,
  -2.195751306688126015729232726886e-02,
  -1.954968214248332039374982539021e-02,
  -1.693823008498443272961374046065e-02,
  -1.419883613226983976664556316716e-02,
  -1.140651743087313428278334629870e-02,
  -8.633607448503171110191503016124e-03,
  -5.947875313233781678824317259990e-03,
  -3.410836763079694087640991034815e-03,
  -1.076300737530825628456347903359e-03,
   1.010812429290476969576947430599e-03,
   2.815354005549514810869776671939e-03,
   4.312513444261769415590668371938e-03,
   5.488060788661215753281741747821e-03,
   6.338267060559021509601217766322e-03,
   6.869514448625675276283473547415e-03,
   7.097617209244710982033853968742e-03,
   7.046882428778600854116058449517e-03,
   6.748947042458840021691881660287e-03,
   6.241433419634978377354191797499e-03,
   5.566470310264312804238168034057e-03,
   4.769128901379755936404224300404e-03,
   3.895825108216409129646812226598e-03,
   2.992738934583795105950766008394e-03,
   2.104299870686525724683548855057e-03,
   1.271783986484255719143220163866e-03,
   5.320636424764951614334823712816e-04,
  -8.345510698242166186573813907380e-05,
  -5.496792125393254419060543643910e-04,
  -8.484388264645032674427858171949e-04,
  -9.688484510651111093678228530345e-04,
  -9.074147882602498478224851226250e-04,
  -6.678952445373761562154318492321e-04,
  -2.609190137518316446979302456084e-04,
   2.966100267040835765269500681534e-04,
   9.823028124167849432659985696968e-04,
   1.769235566359516149537738267678e-03,
   2.627025428870294291260655884269e-03,
   3.522992230422271598895588625572e-03,
   4.423365570685729487825354208988e-03,
   5.294495882243970983079103982683e-03,
   6.104029060111176286638107234619e-03,
   6.822006439892420344293022180238e-03,
   7.421855300462466033827090092917e-03,
   7.881239534322057823928356964233e-03,
   8.182745472787230530893381932195e-03,
   8.314383969810933665656822646323e-03,
   8.269896378899058047381878753385e-03,
   8.048858862861620860157071174340e-03,
   7.656586380717624205930686275695e-03,
   7.103844364826798949672680876313e-03,
   6.406382277918806109487593258497e-03,
   5.584309003314782506002849271284e-03,
   4.661334795372291209178937116536e-03,
   3.663908498317480912532468685129e-03,
   2.620281559951268244210888648353e-03,
   1.559532300355839161635662269093e-03,
   5.105842280690028466899331211111e-04,
  -4.987479994902981854496415035829e-04,
  -1.442653391785891613443630035647e-03,
  -2.298130947681556617676773036918e-03,
  -3.045682265856864051843994512132e-03,
  -3.669869140610017982500546860312e-03,
  -4.159720363510254786608389635655e-03,
  -4.508976995452646534187228543125e-03,
  -4.716171355460701774850820235108e-03,
  -4.784540696102957806378131637784e-03,
  -4.721781985167054220694317140036e-03,
  -4.539659814288720875411240829669e-03,
  -4.253483909283748879691128708808e-03,
  -3.881477089974316555093903713738e-03,
  -3.444057728022267859246743361944e-03,
  -2.963063235112810964107964888450e-03,
  -2.460942666479233371772873564635e-03,
  -1.959946888940111294381084109696e-03,
  -1.481344495376096633760001593846e-03,
  -1.044690012338668879272648840929e-03,
  -6.671687309495901740143797937696e-04,
  -3.630394265601822880312822311617e-04,
  -1.431922801290160159545796920966e-04,
  -1.483522051368749964557429947424e-05,
   1.868295445299697408107171375769e-05,
  -4.209082126423979052072436052192e-05,
  -1.928162637379545583555880854977e-04,
  -4.255947892945280104143886932026e-04,
  -7.293266041944692085931002114782e-04,
  -1.090175124323481440367728456057e-03,
  -1.492120425622585490940997274105e-03,
  -1.917580842037120914379569824003e-03,
  -2.348079667802257577627553773204e-03,
  -2.764932776549699905455656587933e-03,
  -3.149932744436644245463786679490e-03,
  -3.486005460677903274429377902290e-03,
  -3.757816667822519898166830592916e-03,
  -3.952307962416780935773136847894e-03,
  -4.059144574471512933525594625517e-03,
  -4.071060618231405066263719908295e-03,
  -3.984091310265453817249887633056e-03,
  -3.797685797231795382355098457915e-03,
  -3.514698407134000009754211564517e-03,
  -3.141260570197918692824444832946e-03,
  -2.686539639074065841100610136857e-03,
  -2.162394732969786666665440943123e-03,
  -1.582943310511652933475449799190e-03,
  -9.640547856709720803601358456430e-04,
  -3.227901001810379452458404112101e-04,
   3.231923837134479868287780413450e-04,
   9.562434481012198178185813250262e-04,
   1.559320638418662652129551297788e-03,
   2.116556241848797644578445429145e-03,
   2.613776159420975360312333277135e-03,
   3.038952415090180590852102487237e-03,
   3.382574344253067111818754938816e-03,
   3.637926893284386074142746866390e-03,
   3.801267581021568819060329081500e-03,
   3.871897559372023380283448293349e-03,
   3.852125861940410836926006969000e-03,
   3.747129781398806645288396960369e-03,
   3.564717776305938914560187628228e-03,
   3.315004781636957794092285365002e-03,
   3.010012613737250353518584331490e-03,
   2.663210645729497904706902975357e-03,
   2.289013791789665214908660565048e-03,
   1.902256105926198469332878498127e-03,
   1.517658857320048712963967514275e-03,
   1.149311906058416700060016886215e-03,
   8.101864407238567391269867075040e-04,
   5.116957751147843232559524651211e-04,
   2.633189783676567681754621450376e-04,
   7.229971250181256607732119850887e-05,
  -5.657022025028464527369064598916e-05,
  -1.210762054086573791415745023298e-04,
  -1.216118908180530728759648212292e-04,
  -6.111628387940827936448507661546e-05,
   5.507955190823881113871156230697e-05,
   2.194894845386513124717413008679e-04,
   4.227834298422540155911824005363e-04,
   6.541604957205122609875524314089e-04,
   9.017700532507404314339927457658e-04,
   1.153165145326346056927203746756e-03,
   1.395771658396909160376892498120e-03,
   1.617356375450167902332881822783e-03,
   1.806477262113798707152538297778e-03,
   1.952900198676493988887120753679e-03,
   2.047967742185634404179743060966e-03,
   2.084907372744867261933298632944e-03,
   2.059069006311939575550935170936e-03,
   1.968084152676484678317676444911e-03,
   1.811941971648721505316832801682e-03,
   1.592980481438325360006654938996e-03,
   1.315794212894741652337348661751e-03,
   9.870625027481928733895835789865e-04,
   6.153053891229864159953691718236e-04,
   2.105766000098629446539311651392e-04,
  -2.158948354615867520792185798402e-04,
  -6.521011227871691592851583223114e-04,
  -1.085675913433754058916197210612e-03,
  -1.504323104120578781595974661445e-03,
  -1.896239016289731055324736656333e-03,
  -2.250513095382531200855751843566e-03,
  -2.557493270749303509060680302326e-03,
  -2.809103484438610171166551712600e-03,
  -2.999102761026932409201033657639e-03,
  -3.123277316021871513883976915517e-03,
  -3.179559789512995646488616196569e-03,
  -3.168072140897642097067706109734e-03,
  -3.091091740512996217257082171535e-03,
  -2.952942574650917609497738748961e-03,
  -2.759816509347089314904870132293e-03,
  -2.519531498779676797928353754533e-03,
  -2.241236335814577389844622361433e-03,
  -1.935072644864540198500310510654e-03,
  -1.611806935964050422937261645203e-03,
  -1.282445797059568326777437654619e-03,
  -9.578481795765535801936990537367e-04,
  -6.483484960714339106505791179066e-04,
  -3.634036511023933387047008349881e-04,
  -1.112763684131685280103309929934e-04,
   1.012346151101128386696934060283e-04,
   2.690083206111993432556875126922e-04,
   3.887524890719434966528245389015e-04,
   4.590871092294493585830674245961e-04,
   4.805583092759068904388699015927e-04,
   4.555831003747617311021953244226e-04,
   3.883276110196805041677688206773e-04,
   2.845240729029725895262777107158e-04,
   1.512337844721149323110058452124e-04,
  -3.434946042602702276660414209374e-06,
  -1.706431356185053715239776655371e-04,
  -3.411601792325077661458338553488e-04,
  -5.057131952061203044059058153183e-04,
  -6.553340035678705659856417673099e-04,
  -7.816914869067451297238475625868e-04,
  -8.773974713155751426730198075290e-04,
  -9.362754939005937137109491781410e-04,
  -9.535832956894597857246954322654e-04,
  -9.261814428657542235511194604527e-04,
  -8.526426508064488791793651939043e-04,
  -7.332984672630952923644853691000e-04,
  -5.702222081154363023384779333644e-04,
  -3.671494264401220202058253244204e-04,
  -1.293392951512869022479583754688e-04,
   1.366176267870229601751732583805e-04,
   4.230378640416034273436638357864e-04,
   7.214208008493524186483554364643e-04,
   1.022751682441605540466633868235e-03,
   1.317820771529670679851748945396e-03,
   1.597547132657347342431601036009e-03,
   1.853295621732599549756098807323e-03,
   2.077175771698095448903250976984e-03,
   2.262312189133890357989711047265e-03,
   2.403077190746285433025708835886e-03,
   2.495277666324349125481215716862e-03,
   2.536290092077634601481592071907e-03,
   2.525139345188412232284992263096e-03,
   2.462519074830882008817845366111e-03,
   2.350753448344028879008176923654e-03,
   2.193702234526210362313439162715e-03,
   1.996613116287494584758050396832e-03,
   1.765926917479986642315110023822e-03,
   1.509043224942162367772089445056e-03,
   1.234054951166239862846889588366e-03,
   9.494616541715294743005171534001e-04,
   6.638719022184047418619013889145e-04,
   3.857053783984264980176106217546e-04,
   1.229052062242221024971872185973e-04,
  -1.173293338002159652159334191968e-04,
  -3.287805250841058883068596297881e-04,
  -5.064122314040853104213452335128e-04,
  -6.465255201117113626003694870116e-04,
  -7.468648284438400322497313447642e-04,
  -8.066714870677116001511823886998e-04,
  -8.266832353987635080886849385431e-04,
  -8.090803281386086611730846748260e-04,
  -7.573807471330954503861403333785e-04,
  -6.762888088992156056609560566689e-04,
  -5.715030391242843687375740338499e-04,
  -4.494906358028742442056530163571e-04,
  -3.172369298801278274704926359029e-04,
  -1.819790510517179764511833215280e-04,
  -5.093348743763173221739341931143e-05,
   6.897261926015804581869531633383e-05,
   1.713568640178588232868777909606e-04,
   2.506146563134537982803971790588e-04,
   3.021218084361421157042527929366e-04,
   3.223996734005703360466212124662e-04,
   3.092372608526387891114633836836e-04,
   2.617663468258187770085141770618e-04,
   1.804872916710339977570447608660e-04,
   6.724506268162676535319051437218e-05,
  -7.484321318659342953015853458151e-05,
  -2.415061911644640762049548638499e-04,
  -4.274771476969605961515716492649e-04,
  -6.266876755977868878758726327392e-04,
  -8.324890290647614493358586341010e-04,
  -1.037893002239033726856409724140e-03,
  -1.235823572577813653183347551972e-03,
  -1.419370215274202706367618264868e-03,
  -1.582033887824802963491871898773e-03,
  -1.717956957859182489801946967355e-03,
  -1.822128980134255096804973296769e-03,
  -1.890561224296868966107272569920e-03,
  -1.920423988823878306815479729674e-03,
  -1.910142103429618427435980295478e-03,
  -1.859445564521419585301404125283e-03,
  -1.769373863844093507622262954546e-03,
  -1.642234239660859592241880493962e-03,
  -1.481515716154272489377505966652e-03,
  -1.291762316575485614154685551185e-03,
  -1.078410309414466852472735828097e-03,
  -8.475955534741551461658008931929e-04,
  -6.059380282441895018814105111984e-04,
  -3.603113336068123335696276318208e-04,
  -1.176055475727389394059252411356e-04,
   1.155082307791558658641212404845e-04,
   3.328031915802152365309611505712e-04,
   5.287042690270192057766706825433e-04,
   6.984703079981092239889977615550e-04,
   8.383450796556485116844587598788e-04,
   9.456716610747464787652202409998e-04,
   1.018966969369913867090067104322e-03,
   1.057953682908983817479616471903e-03,
   1.063549297647277291887932476958e-03,
   1.037812813021442393941572287716e-03,
   9.838515216672369746619256406471e-04,
   9.056916168480789976993311604821e-04,
   8.081174479831583943038032205770e-04,
   6.964857309459482945579012847046e-04,
   5.765212981554294224120588380298e-04,
   4.541020899439425618631815153832e-04,
   3.350410863318689083595316519559e-04,
   2.248729611862691497006975943651e-04,
   1.286532297319200784366620410456e-04,
   5.077672344428136001879666134673e-05,
  -5.178092994164330628333569942059e-06,
  -3.657363971209909449353195520424e-05,
  -4.180252859757901512684848126147e-05,
  -2.033856434332251102079839575498e-05,
   2.725191025832804822804190611631e-05,
   9.933842488478328541716271557569e-05,
   1.932932927086920508976384909723e-04,
   3.055941388656306955968593321677e-04,
   4.319582059599498631299193226107e-04,
   5.675033731104039412877998536239e-04,
   7.069297849082041302243508307680e-04,
   8.447155497308772636341859261014e-04,
   9.753193577679868210707018192415e-04,
   1.093382648899171937064113077371e-03,
   1.193924179070931528065813165013e-03,
   1.272520054731411742764155892779e-03,
   1.325462860053771282002426073338e-03,
   1.349894417131835054526026076559e-03,
   1.343907618399281939086377336487e-03,
   1.306613824143304516234440819464e-03,
   1.238173792911526555314617498334e-03,
   1.139791274535893173186256106030e-03,
   1.013669665034427844313583762671e-03,
   8.629336743074218785083795272596e-04,
   6.915189538532662534685172082277e-04,
   5.040338343756132496081030639531e-04,
   3.055983618398481727180439749929e-04,
   1.016664424170754112563791433455e-04,
  -1.021624500306630180852251648445e-04,
  -3.003352495791873957156097914170e-04,
  -4.875340794018051935278695489069e-04,
  -6.588552844993529233817777530490e-04,
  -8.099723683917030992623715057125e-04,
  -9.372771926733965659180191254581e-04,
  -1.037994717782896205944732524393e-03,
  -1.110267352624830678456201811174e-03,
  -1.153206246378756091199188854677e-03,
  -1.166907967166958189931843094343e-03,
  -1.152436354093894804175635712250e-03,
  -1.111770404697158459402738753686e-03,
  -1.047720458779086550833135893252e-03,
  -9.638159103943435316783841114354e-04,
  -8.641687108674899414590256428812e-04,
  -7.533177199121662480358085662181e-04,
  -6.360597011471558588625582547019e-04,
  -5.172730561208733568214793391380e-04,
  -4.017406495103597290559020564511e-04,
  -2.939780806912924415943881106903e-04,
  -1.980735008884608866888318699393e-04,
  -1.175445539905649793104249186478e-04,
  -5.521742628305295800639033998447e-05,
  -1.313214324077589034501266368680e-05,
   7.522741205487855181909102736257e-06,
   6.443999389144210958524653148343e-06,
  -1.578485032585222678361949397841e-05,
  -5.772431012314076769050345614559e-05,
  -1.171404631622879875856665135266e-04,
  -1.910948821798735365045672742932e-04,
  -2.760594401019987511675929229595e-04,
  -3.680516918060141184428270554095e-04,
  -4.627857660105228495208330599751e-04,
  -5.558332865967388953588267889051e-04,
  -6.427884687698485807534410686487e-04,
  -7.194313932928144673355868828676e-04,
  -7.818836425643362853634473364633e-04,
  -8.267507833036824954388479939644e-04,
  -8.512466700536332647897189813361e-04,
  -8.532952258940756167537888300656e-04,
  -8.316062468575835294501415282265e-04,
  -7.857226822638054747181094740992e-04,
  -7.160378728440225580751804783809e-04,
  -6.237823557392078579138497049748e-04,
  -5.109808981069062503080940493803e-04,
  -3.803815046834450328030596545333e-04,
  -2.353590962798894759959627542563e-04,
  -7.979745058541430094730233178713e-05,
   8.204621158512760609810809513944e-05,
   2.456890845374030877311091931609e-04,
   4.065777684251880944061034224178e-04,
   5.602448130414427286798828694789e-04,
   7.024612398075267651356386796463e-04,
   8.293796927938672082344232004518e-04,
   9.376632137680272336258348504518e-04,
   1.024595178253659432579316941429e-03,
   1.088166638150420017196119866487e-03,
   1.127138170333395992982887556019e-03,
   1.141074232237732741993194965531e-03,
   1.130349075520281107688941345853e-03,
   1.096124154014794935888767906437e-03,
   1.040298183610913252561520848851e-03,
   9.654317287425511216811964117310e-04,
   8.746493978273932164965164827962e-04,
   7.715230105226315963722920538738e-04,
   6.599404976097854128656958368204e-04,
   5.439647480077945118440027822207e-04,
   4.276881866876419828110178521837e-04,
   3.150875409067004391444105957472e-04,
   2.098847099407928955495699680943e-04,
   1.154180233151456814138848581497e-04,
   3.452878465432992631974048593842e-05,
  -3.053316126691244047402301984445e-05,
  -7.818171853791709280214278912700e-05,
  -1.075419794389613554371135767905e-04,
  -1.184717912630936207922964506565e-04,
  -1.115565167348612900475711434299e-04,
  -8.807760755454847732609590071602e-05,
  -4.995638871527348501490688566706e-05,
   3.249769593135006386648034408378e-07,
   5.982196916430406781414392276949e-05,
   1.252421922085728547455669819257e-04,
   1.930716049228744593261572186512e-04,
   2.597076677555031131373076958273e-04,
   3.215948505135502231234095145071e-04,
   3.753574406539380881822721638822e-04,
   4.179248842606690094966785409833e-04,
   4.466454060633174279331016184522e-04,
   4.593836989367460907483830726385e-04,
   4.545993620623491008439321590376e-04,
   4.314035267492189217317012666806e-04,
   3.895916092596155133521153800507e-04,
   3.296512522235171441242931975480e-04,
   2.527454079434139901953435566970e-04,
   1.606712006031385756533689265855e-04,
   5.579625157097068743573265536633e-05,
  -5.902503977535493097767513783901e-05,
  -1.805522846303553106812504348692e-04,
  -3.052731982778857315500416690860e-04,
  -4.295267484364780478282267746739e-04,
  -5.496310961103405121574713503799e-04,
  -6.620116620411359956253797914242e-04,
  -7.633246942568984689175857290180e-04,
  -8.505721225890752999138289458178e-04,
  -9.212035977361392799859431015745e-04,
  -9.732021658340556733656387627777e-04,
  -1.005150720939431660355397951060e-03,
  -1.016277016919442301862153144043e-03,
  -1.006475724832484997338293637899e-03,
  -9.763069641076691005460370161723e-04,
  -9.269716296953421811965725301066e-04,
  -8.602644176658641992631152447916e-04,
  -7.785064651817721413607306267177e-04,
  -6.844601750929080248615330621994e-04,
  -5.812293484558543139358411462516e-04,
  -4.721482775446228703514900404414e-04,
  -3.606638440420752131442916430665e-04,
  -2.502148955391836469658189311604e-04,
  -1.441130956442671194598846540983e-04,
  -4.542956618443261957068234146529e-05,
   4.310873338527823142867119454724e-05,
   1.192093040578690681744918022347e-04,
   1.810880331230501682820085521141e-04,
   2.275241668011361831005011726898e-04,
   2.578946044210302358109587679861e-04,
   2.721864899238353009416057639528e-04,
   2.709878280496613002475857814302e-04,
   2.554566153533866592654142898319e-04,
   2.272698387185232203836556070186e-04,
   1.885543335478066504990729822808e-04,
   1.418021027586626777220338242519e-04,
   8.977326277363703737289342740992e-05,
   3.539024323691395226181760520756e-05,
  -1.837293321729223900190685243194e-05,
  -6.860229180941253669612338317047e-05,
  -1.125524306266791534384046969460e-04,
  -1.477480321194618029031883952402e-04,
  -1.720748365586667387490435755511e-04,
  -1.838568839097422527779646252806e-04,
  -1.819172963585968392410823250230e-04,
  -1.656205762907717070107853539148e-04,
  -1.348950456818670768951474664226e-04,
  -9.023476181371266135613025725177e-05,
  -3.268094923771925440646592974400e-05,
   3.621624015204469450444262155347e-05,
   1.144541153190408278770762527242e-04,
   1.996498636274557959924390185356e-04,
   2.891263138472873742985242134090e-04,
   3.800078993272729667316755375458e-04,
   4.693232904570731673950477458573e-04,
   5.541110294635547887833023001421e-04,
   6.315244049164154765788939101343e-04,
   6.989317849164126534424779123907e-04,
   7.540088858736447545507823066440e-04,
   7.948197587459479062526466932714e-04,
   8.198836910531378729805724280000e-04,
   8.282257330395589358353163327454e-04,
   8.194091459703975704480524786932e-04,
   7.935487611878384130879502105643e-04,
   7.513049255636287449529125102854e-04,
   6.938583608720444392512683069469e-04,
   6.228669398338124668029630874762e-04,
   5.404060700704330783048664446806e-04,
   4.488949279047043078200178765165e-04,
   3.510112274964145371530665774287e-04,
   2.495976249265252907223979947880e-04,
   1.475631556797627797405065059222e-04,
   4.778321549034246639939075113567e-05,
  -4.699833255630806975456776815347e-05,
  -1.342615547985442248573588773291e-04,
  -2.117940181523378066651447330514e-04,
  -2.777627717704265478133880522011e-04,
  -3.307720903926822940805345098182e-04,
  -3.699054118485942893441920564703e-04,
  -3.947495652412487171838204584205e-04,
  -4.054013410788461685786295652734e-04,
  -4.024553534211433514587550355724e-04,
  -3.869749552735747339814597765741e-04,
  -3.604461562612736427255674551357e-04,
  -3.247174865581346399485822442179e-04,
  -2.819271473804474130751352226043e-04,
  -2.344207146425899226767965719334e-04,
  -1.846623573444702423268133515072e-04,
  -1.351423899228259263887168785596e-04,
  -8.828516486347663410864969625309e-05,
  -4.635993938707347796589220285642e-05,
  -1.139828368859296225223000221705e-05,
   1.487903752050605833603189353577e-05,
   3.112358891995603690902157611141e-05,
   3.640654095051534856306857565434e-05,
   3.025043548468388618106461489726e-05,
   1.264447162892373197558364804005e-05,
  -1.595746593828200928178854139407e-05,
  -5.465544836794010989388667880521e-05,
  -1.021381742399666009655251832527e-04,
  -1.567325082577189652030496318995e-04,
  -2.164656826849938961781022475303e-04,
  -2.791380253962094695552334603370e-04,
  -3.424036476405208376630116378888e-04,
  -4.038559022924126574169861089280e-04,
  -4.611146820348195259580588987493e-04,
  -5.119125114090765921567875360292e-04,
  -5.541761403234626025098866696720e-04,
  -5.861008858314093261522791610246e-04,
  -6.062152401309338660621473687286e-04,
  -6.134332586582886512059313154511e-04,
  -6.070930350209054683604480682785e-04,
  -5.869801302940750851714822816738e-04,
  -5.533350048843564621890916217697e-04,
  -5.068443538286415555674528816976e-04,
  -4.486168640982440308258678639914e-04,
  -3.801442264577285986403178938463e-04,
  -3.032488670167758744301383212012e-04,
  -2.200204495685817238379130007906e-04,
  -1.327434504637620175053998043311e-04,
  -4.381828803750822007588276870392e-05,
   4.432102996650107957166704050278e-05,
   1.292897716772199363806294735791e-04,
   2.088330577876474674320865640084e-04,
   2.809012572283451509937641295701e-04,
   3.437175475060059182575475622253e-04,
   3.958353236238710793102087154164e-04,
   4.361835984343854321022683029167e-04,
   4.640987740631474955068517856873e-04,
   4.793417699830148767210189912668e-04,
   4.821001322834397648222377327299e-04,
   4.729751120550168298234218543057e-04,
   4.529542602761268276716635566240e-04,
   4.233706494036722442323842404820e-04,
   3.858503790804800556730432329038e-04,
   3.422502264027728572840264829663e-04,
   2.945877451788372172587191665698e-04,
   2.449663992281277398738989275681e-04,
   1.954984768649240317202600008433e-04,
   1.482284617608206976874739134063e-04,
   1.050596144258521775805413694873e-04,
   6.768640169050308340063285041381e-05,
   3.753512459576427306927416759736e-05,
   1.571473217088560183284495555263e-05,
   2.979545730210353738082832483651e-06,
  -2.948381858128411436007946477739e-07,
   5.878258488905709941872215294197e-06,
   2.110052229346294278036227750397e-05,
   4.460650113738057900755420432770e-05,
   7.529464612728055524719997847823e-05,
   1.117703291926624491454229318871e-04,
   1.523991617448945285987166485737e-04,
   1.953686694105406739276164414525e-04,
   2.387561031986471309592842156419e-04,
   2.805998677574676286614783159417e-04,
   3.189719794861910918208349293617e-04,
   3.520489772619823253665777512775e-04,
   3.781787916314261231475921213067e-04,
   3.959411710794128318598377542972e-04,
   4.041995406847841755593241184347e-04,
   4.021425220466796579519401386377e-04,
   3.893136926784130717347621970575e-04,
   3.656286010032695022360067169673e-04,
   3.313784585786790695917643852393e-04,
   2.872204893033519898417991474777e-04,
   2.341553951407263422137705491475e-04,
   1.734927625800818265805519808893e-04,
   1.068056960635803281611631724082e-04,
   3.587636557626157064183380509907e-05,
  -3.736552407496758191028338416564e-05,
  -1.109091348364450305218436207389e-04,
  -1.827314157872086581830351680001e-04,
  -2.508660906691689965753340734334e-04,
  -3.134702558244208756564759386530e-04,
  -3.688862430017729637316633331231e-04,
  -4.156966264406091701633736427068e-04,
  -4.527704832401318723715679488359e-04,
  -4.792993133866501304526497301674e-04,
  -4.948214344059667119741897727513e-04,
  -4.992340763614013556515760345299e-04,
  -4.927928488484143442015392654835e-04,
  -4.760987086411775082629755002656e-04,
  -4.500729273474054654157994024991e-04,
  -4.159210962940076469869208101397e-04,
  -3.750874756626876780160978567267e-04,
  -3.292014878500246567160909642868e-04,
  -2.800180732532507073318954254545e-04,
  -2.293544729939553503047115347682e-04,
  -1.790250349174025831149632424690e-04,
  -1.307774330551472737427925262352e-04,
  -8.623105079101595083914037987100e-05,
  -4.682160438644377563876067079225e-05,
  -1.375167840582126984137587591374e-05,
   1.204875355944065773941658866830e-05,
   2.995259472238026838392377224811e-05,
   3.965422953955159265607192650759e-05,
   4.117642577613651305751713986624e-05,
   3.486582466162377326046333877324e-05,
   2.137611202960332691580817858392e-05,
   1.640811401807948028350693339123e-06,
  -2.316396743288946402078820224925e-05,
  -5.166553430417515023216755560805e-05,
  -8.234691673626041243709600231620e-05,
  -1.136044059536800654248449252029e-04,
  -1.438078936867223322087857195935e-04,
  -1.713614860048197330397438709363e-04,
  -1.947629097178456623373241521986e-04,
  -2.126591759969984950112719714055e-04,
  -2.238963897146844279367410528300e-04,
  -2.275624757698698485679961493137e-04,
  -2.230209785709717198378074253830e-04,
  -2.099346393325597724973314279584e-04,
  -1.882784171471840244366897313549e-04,
  -1.583413062867808020924219157425e-04,
  -1.207167196686829226738523410925e-04,
  -7.628222956926640110669580823431e-05,
  -2.616933989108081945277701625924e-05,
   2.827586850785016075574418967681e-05,
   8.553947602175650305963816087229e-05,
   1.439921363230756386182937765815e-04,
   2.019455540767516419683850776440e-04,
   2.577108672873306731207922843589e-04,
   3.096567112239263819529769354013e-04,
   3.562650931155100962715025648270e-04,
   3.961832116375203085366386981719e-04,
   4.282691994163087469858061179717e-04,
   4.516302357659829323430127019428e-04,
   4.656519231715804245295118896780e-04,
   4.700178112205218980705113024669e-04,
   4.647183604173381522608412446448e-04,
   4.500492062598519431202069666096e-04,
   4.265989236723519259544570679651e-04,
   3.952266349211935171321605377416e-04,
   3.570302692002310972103889798136e-04,
   3.133068441395513415440679278346e-04,
   2.655061486298761014948626471522e-04,
   2.151794127563630447467488338758e-04,
   1.639248111405072876575268514586e-04,
   1.133318556269159594978500125550e-04,
   6.492659357584272828736440065544e-05,
   2.011943456859146302305230269284e-05,
  -1.984248796608171580897468301477e-05,
  -5.391672871550032019519243751406e-05,
  -8.129934100741511063753406298826e-05,
  -1.014500326425930146793965030852e-04,
  -1.141077394990180869684372191798e-04,
  -1.192961054858010436086163110153e-04,
  -1.173187841959396154447733490395e-04,
  -1.087448628121579633995946789825e-04,
  -9.438492656562628915469137416260e-05,
  -7.525862824723832266740677899002e-05,
  -5.255499456203600184474862687010e-05,
  -2.758699333032209827653564819788e-05,
  -1.741959926921547435633003585873e-06,
   2.357038792921760454481663360526e-05,
   4.697045854271443003925187540000e-05,
   6.715989059606511134458898512655e-05,
   8.296949096740959082528248908048e-05,
   9.340233587441834901358591504851e-05,
   9.767054804540474032654684581676e-05,
   9.522441044255344239431055610671e-05,
   8.577282196660477213817032804324e-05,
   6.929446222483491219657823312165e-05,
   4.603930388345369229480077253474e-05,
   1.652041911077905397944167165656e-05,
  -1.850362039500827260066955278769e-05,
  -5.805503258725531931529961762674e-05,
  -1.009708477621975274651137183463e-04,
  -1.459434513543338864370095973237e-04,
  -1.915662199685261198107995888793e-04,
  -2.363826455527928964523375586493e-04,
  -2.789371420612108362854136470567e-04,
  -3.178257615716696161924248199013e-04,
  -3.517450712056614704114439786927e-04,
  -3.795374902840588217833865572037e-04,
  -4.002315008257101291109736693067e-04,
  -4.130753080652378735045970913672e-04,
  -4.175628149690118576378990942208e-04,
  -4.134510487684074431055482388812e-04,
  -4.007684654767895681444952576391e-04,
  -3.798138463526498758401424060737e-04,
  -3.511458509428294475374347538869e-04,
  -3.155636508946534134393826977628e-04,
  -2.740793495600700829104292649769e-04,
  -2.278831776485758040911151723826e-04,
  -1.783026852259780067809620147652e-04,
  -1.267573605840347502052163202466e-04,
  -7.471031356320936894855498026490e-05,
  -2.361870984271480379537461444836e-05,
   2.511534239803080425353649885264e-05,
   7.019174200448864966841469481443e-05,
   1.104555788358815050722390023962e-04,
   1.449350138237448635543480642668e-04,
   1.728726032691522566508878286503e-04,
   1.937489352747163148840820647424e-04,
   2.072980128449799326180655526636e-04,
   2.135134137261458922557767290003e-04,
   2.126459469600297492888135925723e-04,
   2.051913036423390579876636577320e-04,
   1.918707767275336692744776428423e-04,
   1.736019912372212598021433267682e-04,
   1.514656510567678117747646227898e-04,
   1.266637250564663961828530298350e-04,
   1.004762172874889197109556244201e-04,
   7.421364583262081626694071779366e-05,
   4.916900434603479212620923825860e-05,
   2.657143471754028072817525329172e-05,
   7.540776479200751357222108135119e-06,
  -6.952748356025620286629225392800e-06,
  -1.612359229367193922197268967207e-05,
  -1.940017671208624621681312232870e-05,
  -1.644558347944662602368177059406e-05,
  -7.170238248292297090484629945261e-06,
   8.263587341398294648585020501355e-06,
   2.944690498042830909398268434524e-05,
   5.573768818633654977799906731189e-05,
   8.628226447660332045647648991369e-05,
   1.200447011360025739585343320694e-04,
   1.558427251463158672396246151332e-04,
   1.923883395739866144496241147669e-04,
   2.283324998619224729282322863431e-04,
   2.623123721006747906312545277115e-04,
   2.929988516161849714893771401067e-04,
   3.191430158508436991751897488520e-04,
   3.396203399511962285771690748647e-04,
   3.534707239045653354746842503362e-04,
   3.599327808783670540326431490016e-04,
   3.584716280455391211681872394232e-04,
   3.487992775203710051158597369239e-04,
   3.308865142310857166966870990038e-04,
   3.049659092134836074889041432259e-04,
   2.715262286433653553145330789270e-04,
   2.312982700478164446527916788335e-04,
   1.852323345378444941807519934576e-04,
   1.344682193754626668528868237520e-04,
   8.029896734226258253209411358043e-05,
   2.412945209128199346284549473821e-05,
  -3.256902095379048660568279260766e-05,
  -8.830640153802906951514863957372e-05,
  -1.416221410949460204809239124600e-04,
  -1.911324864536952356705568328160e-04,
  -2.355753965595538179299331383015e-04,
  -2.738514925093408031373423114135e-04,
  -3.050594840630400817686910733403e-04,
  -3.285250042147896513583525711973e-04,
  -3.438219930528928631079785727294e-04,
  -3.507859104758528112151040498053e-04,
  -3.495181801569290247752928277357e-04,
  -3.403817191645653717656383468885e-04,
  -3.239878241705635431376264358246e-04,
  -3.011748636626044213758399093958e-04,
  -2.729793850358161223584859891985e-04,
  -2.406005242416172426006409099195e-04,
  -2.053589983700814150891337010133e-04,
  -1.686520718318490162823662274283e-04,
  -1.319059418124382662630354452835e-04,
  -9.652703178414780771728427569600e-05,
  -6.385382668865404429957117961487e-05,
  -3.511091224259402234931791531394e-05,
  -1.136675787418443566693738780495e-05,
   6.503448314968199326237422922123e-06,
   1.784871281095518572544860457527e-05,
   2.226582301174577537262185973182e-05,
   1.961476355993022214467512567360e-05,
   1.002544314914086917782989414862e-05,
  -6.104470610138029665882052075593e-06,
  -2.812051498881681529717653319789e-05,
  -5.513095146004632546552095616972e-05,
  -8.603426365270799795093343786631e-05,
  -1.195537760691254506109828150003e-04,
  -1.542782577164364984024217501159e-04,
  -1.887072405988270654956233762334e-04,
  -2.212996626667505814898804326484e-04,
  -2.505243286606466197207489482023e-04,
  -2.749106117981258158376283291758e-04,
  -2.930977313702204261481398204223e-04,
  -3.038810791381982105491512188974e-04,
  -3.062541573593884786572365383408e-04,
  -2.994448209565641630964524322681e-04,
  -2.829446894634287493429715025029e-04,
  -2.565307369487041542674264247778e-04,
  -2.202783756724791241097706750171e-04,
  -1.745656162611467985872641258088e-04,
  -1.200681670286620864689218202137e-04,
  -5.774559056174173858232068170702e-05,
   1.118112792075044809079800986471e-05,
   8.525996253766157291574693735800e-05,
   1.628452957316645739697481286875e-04,
   2.421413010624489743631716488726e-04,
   3.212499942466119121456542671476e-04,
   3.982225761495692035673389435821e-04,
   4.711125783599181198602102608802e-04,
   5.380292869642599249486329194333e-04,
   5.971898758135516808627552313386e-04,
   6.469687356441988897900342424686e-04,
   6.859426176819678031000329892879e-04,
   7.129303188388933636076475028245e-04,
   7.270258283093007466690398099812e-04,
   7.276240199084635062354234488150e-04,
   7.144381594663864409471889518281e-04,
   6.875088035710199098542981532584e-04,
   6.472038903969098286474109337895e-04,
   5.942101070418683631892784878688e-04,
   5.295158106672784980132009827018e-04,
   4.543861938114287347218953061478e-04,
   3.703309276623951093583927583405e-04,
   2.790665937728908591349263066186e-04,
   1.824718469537205405683564848483e-04,
   8.254309366194925956235329576947e-05,
  -1.865977457679905101245812232974e-05,
  -1.190577962321221278503563054270e-04,
  -2.166106140562276977707784099956e-04,
  -3.093594016921066226730857167153e-04,
  -3.954757844510662628395428387250e-04,
  -4.733047334661148225548777415629e-04,
  -5.413983231300069093911015696754e-04,
  -5.985488903778983386024737842722e-04,
  -6.438135907071971020903604864243e-04,
  -6.765293955440146590767073087221e-04,
  -6.963237234242634239904619147202e-04,
  -7.031173965076336120561902216525e-04,
  -6.971179258354561560297624634580e-04,
  -6.788068756063110705762957597289e-04,
  -6.489219842788216008496165326802e-04,
  -6.084321039563022617788888991418e-04,
  -5.585064359517197335355336268014e-04,
  -5.004808360460924407213220601719e-04,
  -4.358213790967222159447271761026e-04,
  -3.660849641178960907144605135821e-04,
  -2.928787698156017008511558939081e-04,
  -2.178206640597200488370271579492e-04,
  -1.425010815574958706772221197199e-04,
  -6.844645177460599612374383485529e-05,
   2.914595455381661179416334704196e-06,
   7.028072865826429453983092119924e-05,
   1.325026383401247985279551556102e-04,
   1.886031150606955417065426625274e-04,
   2.377922417490696215614846167181e-04,
   2.794770327698493323148528104036e-04,
   3.132652841516176501494634118851e-04,
   3.389641185863616210137854486539e-04,
   3.565737949473314331536106033945e-04,
   3.662770588662844984529279161213e-04,
   3.684242021825567675387316774306e-04,
   3.635144202427973961670971622413e-04,
   3.521744125661564344733636070656e-04,
   3.351350991400681395096148950221e-04,
   3.132070889565533099318394059203e-04,
   2.872553875633327410075324598055e-04,
   2.581740726667194135675267066240e-04,
   2.268617812105189454988434449249e-04,
   1.941987585495685769018344747627e-04,
   1.610259915356874895929215952585e-04,
   1.281266931565085383947645745963e-04,
   9.621048021206083878433253127999e-05,
   6.590057961812881607804493638327e-05,
   3.772436448536527152957179687522e-05,
   1.210727327057478940547341629186e-05,
  -1.063001343352758848575420657498e-05,
  -3.027135834913583562122245565571e-05,
  -4.670212099245075064227908420830e-05,
  -5.990346734605046044356063370559e-05,
  -6.994434645551538617828438623692e-05,
  -7.697153867733309706646794076798e-05,
  -8.119827219577324739454873996406e-05,
  -8.289189431225722989131211065525e-05,
  -8.236100530666863027465151507293e-05,
  -7.994241523717642284448209482098e-05,
  -7.598831736122868427294051212528e-05,
  -7.085407183345778877473848433909e-05,
  -6.488697205759840797233861352787e-05,
  -5.841630579127512553036553190702e-05,
  -5.174488673317643273852786629579e-05,
  -4.514215316727056581652898186851e-05,
  -3.883892169893793828693469565461e-05,
  -3.302382428166448724354590091225e-05,
  -2.784147117388523184133362514849e-05,
  -2.339227121649228698432183120979e-05,
  -1.973379742509615054453088158403e-05,
  -1.688346828340575058294162010436e-05,
  -1.482233662758622602828995737755e-05,
  -1.349975607265702143906989150278e-05,
  -1.283870703581704063041555167785e-05,
  -1.274160193754229123358127936483e-05,
  -1.309630747645220722020980957912e-05,
  -1.378217304139229818360868685175e-05,
  -1.467581704306578673515917629277e-05,
  -1.565646407565669050729591178566e-05,
  -1.661070282450566017374846012060e-05,
  -1.743654075654388053488568350842e-05,
  -1.804669606667118100516695098197e-05,
  -1.837105621647055086445295046853e-05,
  -1.835827665284830255894484182349e-05,
  -1.797651058989668853787212003973e-05,
  -1.721329582841805124273398535387e-05,
  -1.607469058198045635415468956121e-05,
  -1.458374755681210447953330181615e-05,
  -1.277845815891535628934106945328e-05,
  -1.070927243708023203224661946091e-05,
  -8.436302118769347577453660055321e-06,
  -6.026339476014976334009180408102e-06,
  -3.549791683684141396295523410174e-06,
  -1.077672613761685219600068649815e-06,
   1.321215571656510162046436217149e-06,
   3.582828354746084986177739503610e-06,
   5.650051454445308119030958430320e-06,
   7.474464306663200791747526483219e-06,
   9.017679073170997708248760282824e-06,
   1.025221860961642630619022019062e-05,
   1.116194754717447403360199681513e-05,
   1.174204988473171439561139635981e-05,
   1.199856560609205183818622186717e-05,
   1.194753630459393726484333819664e-05,
   1.161381498565998723216414554161e-05,
   1.102962992552812554461466650209e-05,
   1.023297517227206841222871542730e-05,
   9.265910901626705528763480588421e-06,
   3.340295053303343648840577638547e-05
 
