           0.04308077703003458658326252361803
           0.00521592973834069002780911006312
           0.00553050916252647694476562989507
           0.00585692497782664463906732166265
           0.00619542674529602668820338351452
           0.00654634657646433783251271876225
           0.00690991868675557441986656570521
           0.00728650492344486925416768841046
           0.00767632411219535196189589498772
           0.00807976777951289505674825619508
           0.00849703930860396840218928815602
           0.00892855983732868986602060346058
           0.00937451724499304729631976584869
           0.00983536220139912334414766803548
           0.01031126701159573721966467019229
           0.01080271178621118946527879245423
           0.01130985317660665977201883691805
           0.01183320063126782999141095586992
           0.01237289505921426030488063929624
           0.01292947513182280544485891482509
           0.01350306591775676454125765246772
           0.01409423518419305673687880187117
           0.01470309205193734078398470899174
           0.01533023324462599520923156148910
           0.01597575181810379288394052821332
           0.01664027330077454472356812686940
           0.01732387455671570430926209382960
           0.01802720975495982272396311429929
           0.01875033943121119650587758087568
           0.01949394621846508787732510370461
           0.02025807417758199169277588680416
           0.02104343421625079479930775505636
           0.02185005376408112251485071908519
           0.02267867180153714315449242633349
           0.02352929896058641306977321505656
           0.02440270207985721639953879957829
           0.02529887481725838840884712510615
           0.02621861164225324294929642121588
           0.02716188905223590119297760736572
           0.02812952890743937103823490986088
           0.02912149034823547852357528142875
           0.03013862237283407990995343084251
           0.03118086655803278817167267789046
           0.03224909877451029999173570672610
           0.03334324281891763719354315753662
           0.03446420115622075147632230596173
           0.03561187957635851553117589674002
           0.03678720684777164739998056575132
           0.03799007051719278937884638480682
           0.03922142535315268491169504727623
           0.04048114041282365599405679290612
           0.04177019614895478155647268181383
           0.04308844287301592801409100275123
           0.04443688639371275866940536047878
           0.04581535801099309579420548743656
           0.04722488854897465698767788921941
           0.04866529002069679837871873928634
           0.05013761791299053971471266777371
           0.05164166466716814396509249718292
           0.05317851006806983277241940299973
           0.05474792669116890220237792163971
           0.05635101824276504689503752842938
           0.05798753712926404263461321875184
           0.05965861059019730849861673505075
           0.06136397055073511408451736315328
           0.06310476738393763773693478924542
           0.06488071221282261380469691403050
           0.06669297813301010291464621104751
           0.06854125513591874385710411843320
           0.07042673861771538146303583971530
           0.07234909710047125741549933763963
           0.07430954784809165603043368264480
           0.07630773756749112401998047516827
           0.07834490494696505491489801897842
           0.08042067452467047128372712450073
           0.08253630595967910432708691814696
           0.08469140126027220605298140299055
           0.08688724059271146771266103314701
           0.08912340306706093007171887165896
           0.09140118888352108394990125361801
           0.09372015387868340430266300700168
           0.09608161780409261998325831655166
           0.09848511284102291762909686667626
           0.10093197780076990088815591661842
           0.10342172082119420462031911256418
           0.10595569927310063973457943120593
           0.10853339685694921024072812087979
           0.11115618899453055812287516346260
           0.11382353454939667103396061520471
           0.11653682647790675197541077068308
           0.11929549840205699862138999378658
           0.12210096028886768815269192600681
           0.12495262010939270358456099074829
           0.12785190431032003588462941934267
           0.13079819479805537829619765943789
           0.13379293396130836901747329648060
           0.13683547722422934045383158263576
           0.13992728237369189692174131778302
           0.14306767793052888038118908298202
           0.14625813653016470072820709447114
           0.14949795936604753920917687537440
           0.15278863336724551880152489502507
           0.15612943197322154409434347144270
           0.15952185584697081699445675440074
           0.16296515024530972004512818784860
           0.16646082900112554869842540483660
           0.17000810875835711821757456618798
           0.17360851595193482754808655954548
           0.17726123818161937384374482462590
           0.18096781391323454868391706895636
           0.18472740127050618630377698536904
           0.18854155017622489798334584065742
           0.19240938884619154802813056903688
           0.19633247808399414968683061033516
           0.20030991576611190119194816361414
           0.20434327299906870911705425442051
           0.20843161688966169164949349124072
           0.21257652826834100290298579238879
           0.21677704304344769248302782216342
           0.22103475118977050639657022657047
           0.22534865699055683929685756083927
           0.22972035898533146869304744086548
           0.23414882940832026925193076749565
           0.23863567478474664862453380465013
           0.24317983487915656448663526134624
           0.24778292362457951525378518908838
           0.25244384789907658994678740782547
           0.25716422846732617246701124713582
           0.26194293890853220796444134066405
           0.26678160624519087207318079890683
           0.27167907035029048579133359453408
           0.27663696393324188615991943152039
           0.28165409275907082875534115373739
           0.28673209465672461204732712758414
           0.29186974088771711066669922729488
           0.29706867383728552400867783944705
           0.30232762987467703963417875456798
           0.30764825538291229456433484301670
           0.31302925145761101299868300884555
           0.31847226792641208925616069791431
           0.32397597023793750503628530168498
           0.32954201111723652184437582945975
           0.33516902000115150750403358870244
           0.34085865197149201044624078349443
           0.34660950009772778512839863651607
           0.35242322128495290334271317078674
           0.35829837188944596571005263285770
           0.36423661011389024677598058588046
           0.37023645526593440546747615371714
           0.37629956632853339693056682335737
           0.38242442523623337846672143314208
           0.38861269124391922824557354942954
           0.39486280860012307192263847355207
           0.40117643633290017701753527035180
           0.40755198070399001331054478214355
           0.41399110002602501623414354980923
           0.42049216228589059163311958400300
           0.42705682460296429114876559651748
           0.43368341641449476009384511598910
           0.44037359318010949049693181223120
           0.44712564552649930460503924223303
           0.45394122679895515526382610005385
           0.46081858856709112526317539959564
           0.46775938161973551476791044478887
           0.47476181823787655389423889573663
           0.48182754622480461481615066077211
           0.48895473835681246832507440558402
           0.49614503903614004531874570602668
           0.50339658133435360998220176043105
           0.51071100585125228654703732900089
           0.51808640577018294504085815788130
           0.52552441750174738732681589681306
           0.53302309417463789031899068504572
           0.54058406763865640698440984124318
           0.54820535081894461448825950355968
           0.55588857064856378453754359725281
           0.56363169971823623427553684450686
           0.57143635970447470562305625207955
           0.57930048275121681644606042027590
           0.58722568495523386200574122995022
           0.59520985792026481764338541324832
           0.60325461185721340751086927411961
           0.61135779775558929394208007579437
           0.61952101965184003251607691709069
           0.62774208786700924633805698249489
           0.63602259999243215826680852842401
           0.64436032564668488387127354144468
           0.65275685572368835618561888622935
           0.66120991912614046626117669802625
           0.66972109981699212699624013112043
           0.67828808599063161732800608660909
           0.68691245446460680312839031103067
           0.69559185275387769298305329357390
           0.70432785033564260235294796075323
           0.71311805409597028848622812802205
           0.72196402599656539500472263171105
           0.73086333236711953365016825046041
           0.73981752749882701003514284820994
           0.74882413725976759710789565360756
           0.75788470813604957854181520815473
           0.76699672565142174018859577699914
           0.77616172837301911080487570870901
           0.78537716162034243438938574399799
           0.79464455594860872178486488337512
           0.80396131663614900375591787451413
           0.81332896615450911426137281523552
           0.82274486992713136146448960062116
           0.83221054229153323955614496298949
           0.84172330902593950341383788327221
           0.85128467630504556229453783089411
           0.86089193049507928279240331903566
           0.87054656960086462813563912277459
           0.88024584083353796248871958596283
           0.88999123404286117899886221493944
           0.89977995756557449524848379951436
           0.90961349313317230169673166528810
           0.91948901051258169481172899395460
           0.92940798337590080357983879366657
           0.93936754324873894539393859304255
           0.94936915582481762321265250648139
           0.95940991474089987178786032018252
           0.96949127781550215043893103938899
           0.97961030117301717279332251564483
           0.98976843488211385668762432032963
           0.99996269795522496615092222782550
           1.01019453285872051750970967987087
           1.02046092191741455401654548040824
           1.03076330016503803221894486341625
           1.04109861368698952688305325864349
           1.05146829027609767237549931451213
           1.06186924025028761597866377996979
           1.07230288437518983535312599997269
           1.08276609769686316120385072281351
           1.09326029418930303904744505416602
           1.10378231414576433166985225398093
           1.11433356500588898185810649010818
           1.12491085285252778724895961204311
           1.13551557886978615741213616274763
           1.14614451549562201826404361781897
           1.15679905795875126450766856578412
           1.16747594564064027800043277238728
           1.17817656813590332376406877301633
           1.18889763238054202432181227777619
           1.19964052267721865696614713669987
           1.21040191414985787154989793634741
           1.22118318617190890762458366225474
           1.23198098271066092124215174408164
           1.24279667859339215674197021144209
           1.25362688730790350355448481423082
           1.26447297953829784766810462315334
           1.27533153899141282749951642472297
           1.28620393263078636181262481841259
           1.29708671510178574770577597519150
           1.30798125008923071810329474828904
           1.31888406391706758391535458940780
           1.32979651745209115354384721285896
           1.34071510945702332406881396309473
           1.35164119845970009947677681338973
           1.36257125644149645893321576295421
           1.37350664008832423768069475045195
           1.38444379539928030808937364781741
           1.39538407773285411117569765337976
           1.40632390792362738096699104062282
           1.41726464053413159227545747853583
           1.42820267207035711543028355663409
           1.43913935684681293381004252296407
           1.45007106789442241634446872922126
           1.46099915984348771580414449999807
           1.47191998312044369789930442493642
           1.48283489325055550800414039258612
           1.49374021894276132194079309556400
           1.50463731721120019813042745226994
           1.51552249595013344141136713005835
           1.52639711427062785276120848720893
           1.53725746017027264933574315364240
           1.54810489547861629411329431604827
           1.55893568922909864227221987675875
           1.56975120660416278539628365251701
           1.58054769861946753373160845512757
           1.59132653445694893790118840115611
           1.60208394807400522630302930338075
           1.61282131331015787800708949362161
           1.62353484803649861234475793025922
           1.63422593141903149671634309925139
           1.64489076622617869105624777148478
           1.65553073762939284563344699563459
           1.66614203428904250614550619502552
           1.67672604807032410434430858003907
           1.68727895453031706551882962230593
           1.69780215292485725520066353055881
           1.70829180672194325119050972716650
           1.71874932327272467169620995264268
           1.72917085497894174039856807212345
           1.73955781799876829651907428342383
           1.74990635469829380888029390916927
           1.76021789076069601343021986394888
           1.77048855955402251183272710477468
           1.78071979700983118455326348339440
           1.79090772854187774143497335899156
           1.80105380105811341273636116966372
           1.81115413306709305274466714763548
           1.82121018318494054533118742256192
           1.83121806406853893101072117133299
           1.84117924677694255741755569033558
           1.85108983917250502493345720722573
           1.86095132549404218558208867762005
           1.87075980986927303817424217413645
           1.88051679045487341035425288282568
           1.89021836870567705446433137694839
           1.89986605743471304030833834985970
           1.90945595648663957177859629155137
           1.91898959406888902634591431706212
           1.92846306947878587401135064283153
           1.93787792705482764255009442422306
           1.94723026660905107476651210163254
           1.95652164934552152963931348494953
           1.96574817665133982913516774715390
           1.97491142732754698663200088049052
           1.98400750539407599859487163485028
           1.99303800797644004028086328617064
           2.00199904278170626170663126686122
           2.01089222598246442075264894810971
           2.01971367002290369541128711716738
           2.02846501083962760247914047795348
           2.03714236665863879238713707309216
           2.04574739389093318564505352696870
           2.05427621758287237696549709653482
           2.06273051532278328679126389033627
           2.07110642000892086755925447505433
           2.07940563110157805581934553629253
           2.08762429037452168500976767973043
           2.09576411984548283129470291896723
           2.10382127117857908871201289002784
           2.11179748962444335802501882426441
           2.11968893774272171270922626717947
           2.12749738468154570014689852541778
           2.13521900489077154361439170315862
           2.14285559206894093975392934225965
           2.15040333353939860927539484691806
           2.15786404819150767764313059160486
           2.16523393719316814554076700005680
           2.17251484525159455074572179000825
           2.17970298833731446208616944204550
           2.18680023758830355262716693687253
           2.19380282472186260989133188559208
           2.20071264790468923422395164379850
           2.20752595553035790842955066182185
           2.21424467337652641774070616520476
           2.22086506742708822415011127304751
           2.22738909163639542398982484883163
           2.23381303047643875459016271634027
           2.24013886662679384542684601910878
           2.24636290392828508188927116862033
           2.25248715431623036664632309111767
           2.25850794186332226587410332285799
           2.26442730827247640235100334393792
           2.27024159869272557088493158516940
           2.27595288508700788199234921194147
           2.28155753450604503740350992302410
           2.28705764964512869852342191734351
           2.29244962026207765859453502343968
           2.29773558023616075729478325229138
           2.30291194281711675273527362151071
           2.30798087349842839799407556711230
           2.31293880978536092740682761359494
           2.31778794919383290817904708092101
           2.32252475422640047852951283857692
           2.32715145480701224300901230890304
           2.33166453915481231007333917659707
           2.33606626996421917752400077006314
           2.34035316186719999365095645771362
           2.34452751066732467677411477779970
           2.34858585808201425493280112277716
           2.35253053333844297512200682831462
           2.35635810588793059849876954103820
           2.36007093867090445016287958424073
           2.36366562949643377322672677109949
           2.36714457528258082064098744012881
           2.37050440279484275762911238416564
           2.37374754316761515937628246319946
           2.37687065269585051652256879606284
           2.37987619694287433347312799014617
           2.38276086228012662360242757131346
           2.38552714888589267872021082439460
           2.38817177372864453133161077857949
           2.39069727176078039576623268658295
           2.39310039104154892442011259845458
           2.39538370142936418716317348298617
           2.39754398254079248431480664294213
           2.39958383924461493563740077661350
           2.40150008315376917167327519564424
           2.40329535422390927479341371508781
           2.40496649647561344664836724405177
           2.40651618499980202159349573776126
           2.40794129660790590108376818534452
           2.40924454154617029288942831044551
           2.41042282977180288838781052618288
           2.41147890667796138686185258848127
           2.41240971569404516472445720864926
           2.41321803732296258360179308510851
           2.41390084876408872460729071462993
           2.41446096556413491995840558956843
           2.41489539896139548957876286294777
           2.41520699945149397436239269154612
           2.41539281255172388895857693569269
           2.41545572358268367807454524154309
           2.41539281255172388895857693569269
           2.41520699945149397436239269154612
           2.41489539896139548957876286294777
           2.41446096556413491995840558956843
           2.41390084876408872460729071462993
           2.41321803732296258360179308510851
           2.41240971569404516472445720864926
           2.41147890667796138686185258848127
           2.41042282977180288838781052618288
           2.40924454154617029288942831044551
           2.40794129660790590108376818534452
           2.40651618499980202159349573776126
           2.40496649647561344664836724405177
           2.40329535422390927479341371508781
           2.40150008315376917167327519564424
           2.39958383924461493563740077661350
           2.39754398254079248431480664294213
           2.39538370142936418716317348298617
           2.39310039104154892442011259845458
           2.39069727176078039576623268658295
           2.38817177372864453133161077857949
           2.38552714888589267872021082439460
           2.38276086228012662360242757131346
           2.37987619694287433347312799014617
           2.37687065269585051652256879606284
           2.37374754316761515937628246319946
           2.37050440279484275762911238416564
           2.36714457528258082064098744012881
           2.36366562949643377322672677109949
           2.36007093867090445016287958424073
           2.35635810588793059849876954103820
           2.35253053333844297512200682831462
           2.34858585808201425493280112277716
           2.34452751066732467677411477779970
           2.34035316186719999365095645771362
           2.33606626996421917752400077006314
           2.33166453915481231007333917659707
           2.32715145480701224300901230890304
           2.32252475422640047852951283857692
           2.31778794919383290817904708092101
           2.31293880978536092740682761359494
           2.30798087349842839799407556711230
           2.30291194281711675273527362151071
           2.29773558023616075729478325229138
           2.29244962026207765859453502343968
           2.28705764964512869852342191734351
           2.28155753450604503740350992302410
           2.27595288508700788199234921194147
           2.27024159869272557088493158516940
           2.26442730827247640235100334393792
           2.25850794186332226587410332285799
           2.25248715431623036664632309111767
           2.24636290392828508188927116862033
           2.24013886662679384542684601910878
           2.23381303047643875459016271634027
           2.22738909163639542398982484883163
           2.22086506742708822415011127304751
           2.21424467337652641774070616520476
           2.20752595553035790842955066182185
           2.20071264790468923422395164379850
           2.19380282472186260989133188559208
           2.18680023758830355262716693687253
           2.17970298833731446208616944204550
           2.17251484525159455074572179000825
           2.16523393719316814554076700005680
           2.15786404819150767764313059160486
           2.15040333353939860927539484691806
           2.14285559206894093975392934225965
           2.13521900489077154361439170315862
           2.12749738468154570014689852541778
           2.11968893774272171270922626717947
           2.11179748962444335802501882426441
           2.10382127117857908871201289002784
           2.09576411984548283129470291896723
           2.08762429037452168500976767973043
           2.07940563110157805581934553629253
           2.07110642000892086755925447505433
           2.06273051532278328679126389033627
           2.05427621758287237696549709653482
           2.04574739389093318564505352696870
           2.03714236665863879238713707309216
           2.02846501083962760247914047795348
           2.01971367002290369541128711716738
           2.01089222598246442075264894810971
           2.00199904278170626170663126686122
           1.99303800797644004028086328617064
           1.98400750539407599859487163485028
           1.97491142732754698663200088049052
           1.96574817665133982913516774715390
           1.95652164934552152963931348494953
           1.94723026660905107476651210163254
           1.93787792705482764255009442422306
           1.92846306947878587401135064283153
           1.91898959406888902634591431706212
           1.90945595648663957177859629155137
           1.89986605743471304030833834985970
           1.89021836870567705446433137694839
           1.88051679045487341035425288282568
           1.87075980986927303817424217413645
           1.86095132549404218558208867762005
           1.85108983917250502493345720722573
           1.84117924677694255741755569033558
           1.83121806406853893101072117133299
           1.82121018318494054533118742256192
           1.81115413306709305274466714763548
           1.80105380105811341273636116966372
           1.79090772854187774143497335899156
           1.78071979700983118455326348339440
           1.77048855955402251183272710477468
           1.76021789076069601343021986394888
           1.74990635469829380888029390916927
           1.73955781799876829651907428342383
           1.72917085497894174039856807212345
           1.71874932327272467169620995264268
           1.70829180672194325119050972716650
           1.69780215292485725520066353055881
           1.68727895453031706551882962230593
           1.67672604807032410434430858003907
           1.66614203428904250614550619502552
           1.65553073762939284563344699563459
           1.64489076622617869105624777148478
           1.63422593141903149671634309925139
           1.62353484803649861234475793025922
           1.61282131331015787800708949362161
           1.60208394807400522630302930338075
           1.59132653445694893790118840115611
           1.58054769861946753373160845512757
           1.56975120660416278539628365251701
           1.55893568922909864227221987675875
           1.54810489547861629411329431604827
           1.53725746017027264933574315364240
           1.52639711427062785276120848720893
           1.51552249595013344141136713005835
           1.50463731721120019813042745226994
           1.49374021894276132194079309556400
           1.48283489325055550800414039258612
           1.47191998312044369789930442493642
           1.46099915984348771580414449999807
           1.45007106789442241634446872922126
           1.43913935684681293381004252296407
           1.42820267207035711543028355663409
           1.41726464053413159227545747853583
           1.40632390792362738096699104062282
           1.39538407773285411117569765337976
           1.38444379539928030808937364781741
           1.37350664008832423768069475045195
           1.36257125644149645893321576295421
           1.35164119845970009947677681338973
           1.34071510945702332406881396309473
           1.32979651745209115354384721285896
           1.31888406391706758391535458940780
           1.30798125008923071810329474828904
           1.29708671510178574770577597519150
           1.28620393263078636181262481841259
           1.27533153899141282749951642472297
           1.26447297953829784766810462315334
           1.25362688730790350355448481423082
           1.24279667859339215674197021144209
           1.23198098271066092124215174408164
           1.22118318617190890762458366225474
           1.21040191414985787154989793634741
           1.19964052267721865696614713669987
           1.18889763238054202432181227777619
           1.17817656813590332376406877301633
           1.16747594564064027800043277238728
           1.15679905795875126450766856578412
           1.14614451549562201826404361781897
           1.13551557886978615741213616274763
           1.12491085285252778724895961204311
           1.11433356500588898185810649010818
           1.10378231414576433166985225398093
           1.09326029418930303904744505416602
           1.08276609769686316120385072281351
           1.07230288437518983535312599997269
           1.06186924025028761597866377996979
           1.05146829027609767237549931451213
           1.04109861368698952688305325864349
           1.03076330016503803221894486341625
           1.02046092191741455401654548040824
           1.01019453285872051750970967987087
           0.99996269795522496615092222782550
           0.98976843488211385668762432032963
           0.97961030117301717279332251564483
           0.96949127781550215043893103938899
           0.95940991474089987178786032018252
           0.94936915582481762321265250648139
           0.93936754324873894539393859304255
           0.92940798337590080357983879366657
           0.91948901051258169481172899395460
           0.90961349313317230169673166528810
           0.89977995756557449524848379951436
           0.88999123404286117899886221493944
           0.88024584083353796248871958596283
           0.87054656960086462813563912277459
           0.86089193049507928279240331903566
           0.85128467630504556229453783089411
           0.84172330902593950341383788327221
           0.83221054229153323955614496298949
           0.82274486992713136146448960062116
           0.81332896615450911426137281523552
           0.80396131663614900375591787451413
           0.79464455594860872178486488337512
           0.78537716162034243438938574399799
           0.77616172837301911080487570870901
           0.76699672565142174018859577699914
           0.75788470813604957854181520815473
           0.74882413725976759710789565360756
           0.73981752749882701003514284820994
           0.73086333236711953365016825046041
           0.72196402599656539500472263171105
           0.71311805409597028848622812802205
           0.70432785033564260235294796075323
           0.69559185275387769298305329357390
           0.68691245446460680312839031103067
           0.67828808599063161732800608660909
           0.66972109981699212699624013112043
           0.66120991912614046626117669802625
           0.65275685572368835618561888622935
           0.64436032564668488387127354144468
           0.63602259999243215826680852842401
           0.62774208786700924633805698249489
           0.61952101965184003251607691709069
           0.61135779775558929394208007579437
           0.60325461185721340751086927411961
           0.59520985792026481764338541324832
           0.58722568495523386200574122995022
           0.57930048275121681644606042027590
           0.57143635970447470562305625207955
           0.56363169971823623427553684450686
           0.55588857064856378453754359725281
           0.54820535081894461448825950355968
           0.54058406763865640698440984124318
           0.53302309417463789031899068504572
           0.52552441750174738732681589681306
           0.51808640577018294504085815788130
           0.51071100585125228654703732900089
           0.50339658133435360998220176043105
           0.49614503903614004531874570602668
           0.48895473835681246832507440558402
           0.48182754622480461481615066077211
           0.47476181823787655389423889573663
           0.46775938161973551476791044478887
           0.46081858856709112526317539959564
           0.45394122679895515526382610005385
           0.44712564552649930460503924223303
           0.44037359318010949049693181223120
           0.43368341641449476009384511598910
           0.42705682460296429114876559651748
           0.42049216228589059163311958400300
           0.41399110002602501623414354980923
           0.40755198070399001331054478214355
           0.40117643633290017701753527035180
           0.39486280860012307192263847355207
           0.38861269124391922824557354942954
           0.38242442523623337846672143314208
           0.37629956632853339693056682335737
           0.37023645526593440546747615371714
           0.36423661011389024677598058588046
           0.35829837188944596571005263285770
           0.35242322128495290334271317078674
           0.34660950009772778512839863651607
           0.34085865197149201044624078349443
           0.33516902000115150750403358870244
           0.32954201111723652184437582945975
           0.32397597023793750503628530168498
           0.31847226792641208925616069791431
           0.31302925145761101299868300884555
           0.30764825538291229456433484301670
           0.30232762987467703963417875456798
           0.29706867383728552400867783944705
           0.29186974088771711066669922729488
           0.28673209465672461204732712758414
           0.28165409275907082875534115373739
           0.27663696393324188615991943152039
           0.27167907035029048579133359453408
           0.26678160624519087207318079890683
           0.26194293890853220796444134066405
           0.25716422846732617246701124713582
           0.25244384789907658994678740782547
           0.24778292362457951525378518908838
           0.24317983487915656448663526134624
           0.23863567478474664862453380465013
           0.23414882940832026925193076749565
           0.22972035898533146869304744086548
           0.22534865699055683929685756083927
           0.22103475118977050639657022657047
           0.21677704304344769248302782216342
           0.21257652826834100290298579238879
           0.20843161688966169164949349124072
           0.20434327299906870911705425442051
           0.20030991576611190119194816361414
           0.19633247808399414968683061033516
           0.19240938884619154802813056903688
           0.18854155017622489798334584065742
           0.18472740127050618630377698536904
           0.18096781391323454868391706895636
           0.17726123818161937384374482462590
           0.17360851595193482754808655954548
           0.17000810875835711821757456618798
           0.16646082900112554869842540483660
           0.16296515024530972004512818784860
           0.15952185584697081699445675440074
           0.15612943197322154409434347144270
           0.15278863336724551880152489502507
           0.14949795936604753920917687537440
           0.14625813653016470072820709447114
           0.14306767793052888038118908298202
           0.13992728237369189692174131778302
           0.13683547722422934045383158263576
           0.13379293396130836901747329648060
           0.13079819479805537829619765943789
           0.12785190431032003588462941934267
           0.12495262010939270358456099074829
           0.12210096028886768815269192600681
           0.11929549840205699862138999378658
           0.11653682647790675197541077068308
           0.11382353454939667103396061520471
           0.11115618899453055812287516346260
           0.10853339685694921024072812087979
           0.10595569927310063973457943120593
           0.10342172082119420462031911256418
           0.10093197780076990088815591661842
           0.09848511284102291762909686667626
           0.09608161780409261998325831655166
           0.09372015387868340430266300700168
           0.09140118888352108394990125361801
           0.08912340306706093007171887165896
           0.08688724059271146771266103314701
           0.08469140126027220605298140299055
           0.08253630595967910432708691814696
           0.08042067452467047128372712450073
           0.07834490494696505491489801897842
           0.07630773756749112401998047516827
           0.07430954784809165603043368264480
           0.07234909710047125741549933763963
           0.07042673861771538146303583971530
           0.06854125513591874385710411843320
           0.06669297813301010291464621104751
           0.06488071221282261380469691403050
           0.06310476738393763773693478924542
           0.06136397055073511408451736315328
           0.05965861059019730849861673505075
           0.05798753712926404263461321875184
           0.05635101824276504689503752842938
           0.05474792669116890220237792163971
           0.05317851006806983277241940299973
           0.05164166466716814396509249718292
           0.05013761791299053971471266777371
           0.04866529002069679837871873928634
           0.04722488854897465698767788921941
           0.04581535801099309579420548743656
           0.04443688639371275866940536047878
           0.04308844287301592801409100275123
           0.04177019614895478155647268181383
           0.04048114041282365599405679290612
           0.03922142535315268491169504727623
           0.03799007051719278937884638480682
           0.03678720684777164739998056575132
           0.03561187957635851553117589674002
           0.03446420115622075147632230596173
           0.03334324281891763719354315753662
           0.03224909877451029999173570672610
           0.03118086655803278817167267789046
           0.03013862237283407990995343084251
           0.02912149034823547852357528142875
           0.02812952890743937103823490986088
           0.02716188905223590119297760736572
           0.02621861164225324294929642121588
           0.02529887481725838840884712510615
           0.02440270207985721639953879957829
           0.02352929896058641306977321505656
           0.02267867180153714315449242633349
           0.02185005376408112251485071908519
           0.02104343421625079479930775505636
           0.02025807417758199169277588680416
           0.01949394621846508787732510370461
           0.01875033943121119650587758087568
           0.01802720975495982272396311429929
           0.01732387455671570430926209382960
           0.01664027330077454472356812686940
           0.01597575181810379288394052821332
           0.01533023324462599520923156148910
           0.01470309205193734078398470899174
           0.01409423518419305673687880187117
           0.01350306591775676454125765246772
           0.01292947513182280544485891482509
           0.01237289505921426030488063929624
           0.01183320063126782999141095586992
           0.01130985317660665977201883691805
           0.01080271178621118946527879245423
           0.01031126701159573721966467019229
           0.00983536220139912334414766803548
           0.00937451724499304729631976584869
           0.00892855983732868986602060346058
           0.00849703930860396840218928815602
           0.00807976777951289505674825619508
           0.00767632411219535196189589498772
           0.00728650492344486925416768841046
           0.00690991868675557441986656570521
           0.00654634657646433783251271876225
           0.00619542674529602668820338351452
           0.00585692497782664463906732166265
           0.00553050916252647694476562989507
           0.00521592973834069002780911006312
           0.04308077703003458658326252361803
